Transmission rate explicitly defined as it changes, innoculation rate varies from 1 to 95 in the list, but are not explicitly stated for ease of copying and pasting
17.8333
17.8
18.5667
19.7667
17.8333
19.1
17.4
17.1
16.9
17.6333
17.6667
16.8333
18.0667
16.9667
16.4333
17.6
17.1333
16.4333
15.7333
16.5667
16.2
15.4
15.2
16.5
15.4667
15.8333
14.1667
15.7
15.8333
16.2333
15.8333
14.6333
14.8333
13.8333
14.8
14.2333
14.1667
14.3
14.1667
13.9333
13.3
14.1667
14.1
14.0667
12.7667
13.1333
13.3667
13.3333
13.6667
13.5333
12.6
13.3
12.6667
13.5
12.4
12.9333
12.4
12.6667
13.0333
11.8
12.1333
11
11.6333
11.0333
11.6667
11.3
11.1333
10.8667
11.1667
10.4667
11.1333
11.1667
10.3
10.4
10.3
9.83333
10.1667
10.1667
10.7333
10.1
9.66667
9.83333
10.5333
9.3
9.6
8.73333
9.2
9.23333
8.83333
8.7
8.13333
8.53333
7.86667
7.5
6.46667
33.1333
31.8333
32.3667
30.9333
31.6333
30.2333
30.0333
29.2
28.0333
28.8
28.1
28.4667
27.7667
28.2667
24.9333
26.3667
25.6667
25.7
24.7
25.0333
25.1333
24.4333
24
24.1
24.0333
22.9
23.5667
24.3
22.6333
21.8
22.6333
21.9667
22
21.4667
20.3
20
21.6667
19.5333
20.2
21.1
19.9333
19.5
19.8667
18.7
18.9333
17.6
17.8333
18.6333
17.8333
19.0333
17.3
16.5333
17.7
16.8667
16.6
16.4667
16.4667
15.8667
17
15.3
15.7
15.4
15.7
14.6667
13.6667
14
14.1333
13.3333
14.5
13.6667
13.5667
13.1667
12.5333
12.6667
12.3
13
12.5
12.2
12.4
11.9
11.1
11.5667
10.9333
10.8
10.5333
10.6
10.1667
10.4
9.76667
9.86667
9.93333
9.46667
9
8.5
8.96667
51.7667
54.7333
49.6667
51.1333
51.3
48.3
45.8667
45.9333
48.4667
44.9667
43.1667
43.3333
41.5
38.8667
38.8333
41.3667
36.1
35.9667
38.1
37.1333
33.8333
36.8333
35.6667
35.3667
33.0667
30.6333
33.1333
30.1
32.0333
27.7333
28.9
27.5
28.5333
27.8667
28.3333
25.2667
25.6333
26.6333
25.8333
26.5333
25.1
25.1333
24.3
26.6
24.4667
24.0667
23.9667
21.5333
22.4667
20.2
21.1
22.7333
20.4333
20.1333
20.1667
19.4333
19.6
19.1333
18.7
19.7667
19.7
17.3667
16.7
17.5
17.2333
16.9667
16.5333
16.5
15.7667
15.3
14.8
15.0333
15.0333
14.0333
14.9333
14.9
14.3667
13.3333
13.6667
12.9667
13.0667
12.6
12.5667
11.8667
12.2667
11.6333
11.4
12
11.1333
10.7
10.2333
10
10.1
9.4
8.8
82.5333
81.6667
79.4667
76.1333
71.2667
73
68.8667
66.5667
59.2
66.2333
63.9667
61.2
58.3333
59.2333
56.1
53.7667
52.1333
51.8667
50.3667
49.1
51.5
45.3667
47.2667
50.7333
42.3333
43
39.3667
43.9333
38.3333
38.0667
36.2333
38.2333
33.7667
34.8333
38.0333
36.6
34.2667
33.5667
32.1333
30.4667
30.1333
31.2333
28.5667
30.3667
28.9333
26.8
26.3667
25.9667
26.9333
24.9333
25.7667
24.1667
23.5333
23.5333
23.7
22.5667
21.3667
22.5
21.7
21.0333
20.0333
21.3667
19.4667
19.9
19.6667
17.8
19
17.6333
18.6
16.6333
19.4667
17.7333
15.3333
17.2333
15.4667
15.9
16.2
15.8
15.0333
15.4
13.7
13.5333
13.6
12.9667
12.1667
12.6333
12.5667
12.3667
11.3667
11.4333
10.4333
10
10.4
9.96667
9.36667
136.5
138.833
121.833
130.967
118.367
114.6
103.567
95
100.8
99.9
87.7333
78.8333
78.4
76.6333
80.1
70.4667
67.2333
67.9
65.7
65.9667
65.5667
60.8333
60.5667
54.4667
54.2667
57.2
50.9667
55.5
45.6667
47.4667
46.3667
47.0667
43.9333
44.1667
41.5667
40.8667
37.7333
38.7
37.4333
39.1
35.5333
33.6
35.6
34.9333
33.2333
33.7667
31.4333
31.9333
29.9667
30.7333
28.3
28.7667
28.8333
25.3667
26.7667
25.8667
25.8
24.7
25.8333
23.8667
22.7667
23.3333
21.5667
22.0667
22.6667
21.6667
20.6333
19.3333
19.2
18.4
18.8667
18.2
17.3
18.5
17.6
16.3667
16.0667
16.4333
15.9
15.5333
15.3
15.1667
14.1333
14.1333
13.5667
13.8333
12.9667
13.3333
11.5667
12.2
11.4333
11.0333
10.3
10.7667
9.73333
200.433
191.1
174.033
177.767
164.267
164.467
153.5
138.6
142.233
125.067
135.2
109.367
111.3
106.9
103.033
105.633
96.0333
85.8667
87.9
78.1333
73.4
77.3667
78.4
69.0333
70.1
75.7667
63.8333
62.7333
56.5667
58.4
56.4
53.4333
51.5667
52.1667
49.5
45.8667
46.1667
46.7333
44.4667
43.6333
44.3667
42.3667
41.0333
41.7
38.9
37.3667
33.9667
34.6
32.4333
34.4333
33.4667
30.4667
29.0333
29.9
28.8
28.1
28.8333
26.1
27.7667
27.3
24.9
25.7667
24.4667
23.2333
23.2333
22.3
23.6667
22
21.8667
20.0333
19.8333
19.4333
19.2333
18.9333
19.4
16.5333
16.5667
16.9
15.6333
15.7667
15.1667
14.8
15.0333
14.4
14.9333
13.7
13.2667
13.6667
12.0333
12.3333
11.7333
11.2
10.5333
10.8333
10.0667
258.8
254.3
253.5
218.733
213.533
209.133
203.3
194.3
182.9
159.833
164.667
156.8
143.333
136.2
122.267
118.567
117.2
114.367
105.967
104.1
102.8
100.3
89
84.8667
90.1333
84
77.9667
70.2
69.0333
67.0333
63.7333
65.4
62.4333
61.1667
57.6333
56.9
50.9667
52
49.4333
48.0667
44.4
45.8
44.3333
44.0333
42.9667
40.8333
41.1333
40.3
35.5333
37.5
34.9667
35.8333
32.7333
32.8333
31.2333
30.6667
28.4667
29
28.4
26.7333
25.0667
26.9
25.6333
26.6
24.6333
24.1
23.5667
24.3333
22.5
20.7333
20.0667
19.4667
20.3667
19.6667
18.2333
18.5333
18.5667
18.1
18.0667
17.3
15.9
16.7
16.3
14.6333
14.3333
13.7667
14.0333
12.7
12.4333
12.5667
11.9
11.0333
10.4
11.2667
10.3
263.833
258.167
260.4
246.5
265.867
262.433
222.867
237.333
217.233
211.733
184.6
178.1
165.667
168.767
148.833
153.3
139.533
134.567
136.133
118.167
119.633
115.2
106.7
99.7
91.9667
98.6333
95.2333
84.1
79.0667
77.4333
73.4667
73.1667
67.5333
65.8667
64
61.7
59.0333
58.6333
54.3
54.2667
51.2333
50.7667
48.7333
47.5667
44.2333
45.5667
41.7667
43.7333
41.2667
38.7667
37.6333
36.9
34.1333
36.4667
35.3
34.6333
30.7
31.1667
32.9667
29.7
28.9
27
27.5
26.0667
26.4
25.2667
25
24
22.6333
23.6
22.0667
21.4
20.5333
21.1
20.6667
19.3
18.9
18.1
18.0667
19.1
16.8333
16.8667
15.6
15.5667
14.6
14.4
13.9333
13.4
14.2333
12.5
12.5667
11.7667
11.6667
10.7667
10.4667
231.133
280.3
277.5
276.567
257.333
274.933
265.033
281.567
289.667
245.5
245.4
194.1
185.733
174.333
187.5
177.633
159.267
159.133
149.6
146.367
133.033
118.5
117.1
119.8
107.8
100.567
105.233
99.6
85.9
85.2
81.4
83.9333
86.1333
71.2667
67.6667
66.3
62.7
63.1333
62.6
60
56.2333
54.0667
52.9333
49.3333
47.6
49
46.8333
44
45.9333
41.6
42.6
42.9333
38.2
36.5333
37.1333
32.5667
35
33.3
31.0333
31.7333
30.3333
29.1667
27.3
26.7
27.5333
27.0667
25.0333
23.4667
24.2333
24.1667
22.6333
21.5
20.5333
20.7667
19.7
19.1667
19.2333
18.6
18.1
18.4667
17.4667
17.4667
16.3667
15.3667
16
14.7
14.2333
14.7667
13.2667
12.5667
12.2
11.9333
11.1
10.4667
9.96667
202.733
217.767
248.2
233.5
262.033
232.167
280.167
265
286.8
284.367
256.3
261.9
240.533
258.933
200.067
204.733
188.3
157.567
162.667
142.733
137.367
125.9
135.033
130.667
116
111.733
110.433
103.567
109.933
93.9667
92.1667
89.5333
82.7333
78.9
74.2
77.4333
64.8
71.8667
66.4667
62.8667
61.4667
60.7333
53.6
57.2667
55.9
51.7333
49.4
47.6
43.9333
44.8
40.4
41.7333
41.3
40.8667
40.3
38.2333
35.8667
36.4333
33.6333
32.0667
31.9
32.2333
30.0333
28.1
28.8333
27.3
27.6333
25
24
23.0667
22.7667
22.2
23.9
21
19.9667
19.6667
18.9667
18.6667
18.1333
18.7667
16.9
17.1
17.2
16.3333
14.9
14.7
13.9667
14.1667
13.3
12.4667
13.1333
11.2333
11.2333
10.5667
10.3
160.433
163.2
199.333
187.133
226.933
230.767
221
290.8
239.4
258.967
275.5
275.6
264.7
259.033
255.267
191.967
221.6
202.567
208.433
170.833
159.9
152.9
144.833
138.867
130.733
123.467
119.033
105.767
105.633
98.5333
106.2
103.4
94.3667
86.5333
88.8
78.4
75.4333
74.0333
76
72.2333
66.7667
63.4333
61.3333
58.4
58.1
52.6667
48.6
47.6
46.2667
48.0333
46.3333
43.0667
43.4333
41.0333
40.2667
39.1667
37.7
40.5333
34.4333
34.0333
32.6
33.0333
31.1333
28.9
29.7333
26.8
26.9
26.1667
24.9667
24.4333
24.8333
25.2333
21.6
21.8667
21.4
20.3
20.7
19.5667
20.4667
17.5333
18.0333
16.6
16.4667
15.3333
15.8333
14.3667
15.1
13.8667
13.7333
13.2333
12.8
11.8667
11.3
10.5
10.6
141.667
150.167
149.933
157.233
205.5
181.467
240.433
226.533
219.933
264.233
258.433
265.067
260.933
273.467
246.633
192.6
256.333
227.133
245.2
175.967
166.967
164.833
147.833
145.4
135.967
135.1
122.333
120.1
115.8
104.833
101.567
102.4
102.067
93.2667
85.6333
79.2667
84.0333
74.9667
69.1667
72.5
70.9667
63.2333
66.6333
61.3
57.9
54.7333
54.9
51.1667
47.3333
47.9667
53.1
48.3333
41.3333
40.8
39.8
38.8667
37.2333
38.5
36.6333
33.2
36.7667
32.7667
31.9333
30.4
30.4333
28.3333
26.8
26.7667
25.9
26.4333
23.9
22.8667
22.9333
23.1667
23.6
20.9667
20.5
19.8
20.4667
19.8
17.8333
17.4333
15.7333
16.8667
16.8333
15.9333
14.3667
13.8667
13.4333
12.8333
12.9667
11.6667
11.8333
11.1333
9.76667
118.633
121.067
131.833
140.467
186.7
166.833
189.5
211.767
213.333
229.367
238.4
248.367
255.267
254.833
262.133
268.367
202.4
239.167
242.667
201.667
172.267
196.867
149.167
158.433
145.267
132.533
139.6
125.167
123
118.8
117.1
112.6
107.8
92.7667
87.9333
96.6
88.6333
83.8333
82.5333
72.1333
70.4333
66.9667
67.4667
60.9667
59.7667
56.0333
58.7333
53.9667
53.3667
49.8333
51.0333
48.0333
47.9
42
43.6
40.8
44.7
39.1333
38.6
35.9333
33.4667
31.7
31.6
31.1
29.6667
30.7333
28.1333
26.8
25.6667
25.6333
25.5667
23.2333
24.0667
22.8
22.2
22.0333
20.4333
18.7667
19.5
18.3333
18.5667
17.8
19.1667
17.5667
16.7667
15.2667
15.4667
14.1
13.4333
13.6
13.4333
12.4
11.8667
11.3
10.4
115.9
110.067
115.067
133.667
136.1
162.767
163.8
195.767
181.3
200.167
233.9
252.067
254.6
255.067
257.667
253.567
245.3
204.467
219.167
223
181.933
181.567
191.367
161.8
148.133
156.633
158.7
152.333
128.133
130.033
121.033
116.233
115.567
98.7333
99.1333
86.3667
98.0333
86.3333
83.8667
87.1333
70.2333
74.0333
73.4667
65.4333
66.5667
61.9333
60.5
59.0667
55.3667
55.1667
55.4667
47.9667
48.4
45.6667
41.3667
42.6
36.9667
38.2667
34.9333
33.2
35.3667
34.9
32.9
33.5333
30.4667
30.4
29.6
28.8333
25.3333
25.7333
24.7
25.6333
23.9333
24.1333
22.7667
21.0333
21.9667
20.9
19.1667
19.1333
17.7333
17.6667
17.2667
16.2667
16.1333
15.2333
15.9333
14.0667
14.0667
13.2
12.2
12.6667
11.9667
10.9667
11.3333
97.8333
96.8667
102.033
120.533
127.9
136.6
154.133
160.6
193.933
201.6
204.867
205.6
225.6
227
251.2
244.233
268.133
225.167
194.3
197.933
199.267
186.167
199.9
164.633
156.767
143.8
154.7
134.833
125.233
130.1
123.667
116.3
107.167
101.033
106.933
103.7
96.9667
90.5
81.8333
75.4333
75.2667
74.9
76.0333
65.5667
67.2
60.8
60
58.4333
52.3
56.3
49.3
46.1
44.6333
50.6333
39.8333
45.7333
42.0333
42.3667
38.6667
34.8
33.1333
33.2333
34.4333
30.9667
32.1
33.3333
30.4333
27.3
25.2
25.1
24.3667
25.3667
24.7667
23.7
22.7667
22.5667
21.9333
19.8667
19.0667
18.9333
18.1
18.1333
17.9333
17.1333
16
15.6333
15.4333
14.3333
13.7333
13
12.8333
12.8333
11.8
11.1333
10.5333
87.7333
97.6333
92
111.467
108.233
118.9
144.533
145.567
164.433
176.567
194.833
206.367
202.667
225.033
230
239.733
224.467
240.833
206.167
203.3
215.067
202.3
181.367
203.967
167.6
143.7
134
145.2
135.933
134.667
130.067
106.567
107.633
112.033
104.367
97.8
84.6667
88.8
90.2
83.6667
76.1
73.1667
76.1667
68.9333
62.6333
63.9
63.3
56.3
51.8333
55.7
51.2333
46.3667
48.5
48.1333
47.1667
42.6333
41.7667
40.9
35.6333
37.3
33.1
34.3667
34.2667
33.1
30.5667
31.7
30.5333
30.1667
26.6
26.1
26
25.3
24.4
23.5333
22.5667
22.6667
21.2667
20.3
19.4333
19
17.8
18.8667
17.6333
16.8
16.0333
16.2333
15.0333
13.1667
14.6
13.6667
13.2
12.3667
12.3333
11.0333
10.8667
74.6667
84.9
82.6
97.5
93.2333
107.167
124.667
126.8
153.633
168.3
171.8
189.2
193.233
210.4
203.333
197.167
225.667
220.167
231.333
197.9
213.833
189.867
194.033
190.067
178.467
160.667
148.5
162.2
135.5
138.4
140.7
116.267
117.5
120.467
98.5667
94.5667
95.5
93.9333
81.7333
86.9333
74.3
69.6
77.5
77.8667
66.3667
66.4667
65.1333
58.4333
57.9333
54.7333
53
52.4667
48.9
44.4667
45.9667
46.3
47.6
39.7667
39.1333
38.6667
37.7
36.8667
36
33.7667
30.3
30.5667
28.8333
28.8333
26.7333
25.7667
25.4333
25.1333
26.2333
23.0667
22.7333
21.3
20.3333
20.4333
19.7333
18.8667
19.0667
17.6333
16.8667
16.5667
16.1333
15.2333
15.1
14.2
13.7333
12.6667
12.2667
11.8
11.0333
11
10.1667
69.6
68.6333
81.8667
84.6
83.2333
97.7333
99.5333
117.567
114.7
133.533
158.333
156.833
193.333
193.567
193.767
202.167
204.667
217.367
182.867
204.467
206.867
193.733
187.833
160.833
176.3
169.533
144.467
150.7
159
156.9
135.433
119.733
125.967
106
119.533
104.667
108
95.3667
92.3333
90.8667
82.0333
80.6333
80.0667
76
67.8333
66.5
64.4
63.9
59.2333
54.7
50.6667
50.4667
49
49.4333
45.1667
45.0333
40.7667
43.6667
41.6333
35.9
38.4
36.4
32.5333
32.2667
33.2667
30.5667
29.1333
29.1
25.4
26.8
26.7667
24.7
24.8
24.4667
23.4333
22.3333
21.7
20
19.5667
18.7
19.2333
18.2
17.7
15.5667
16.1667
14.9333
14.5333
14.7
13.9667
13.4
12.9333
12.8667
11.9333
10.5667
10.1333
63.5667
62.7333
72.8
73.5333
84.2
84.2333
100.4
109.633
112.433
132.5
140.933
154.067
151.767
162.6
187.767
179.433
185.433
201.467
198.833
201.567
178.267
186.867
181.167
190.667
182.867
150.533
143.867
144.8
161.4
127.267
127.433
122.033
129.5
110.767
121.933
102.767
95.3
93.8667
91.6
86.9
87.1333
80.6667
76.2333
68.8333
69.9
64.7667
64.6333
64.4667
60.3667
57.2333
60.9667
51.7
47.3667
48.1333
43.6333
42.5667
44.1333
43.5667
41
39.7667
39.6667
36.4
33.6333
34.3667
33.1667
32.4
30.1667
28.4333
27.7667
27.0667
23.9
24.8333
25
24.6333
22.4
22.5333
21.1
20
20
20.6667
18.5333
18.4333
17.3667
17.1333
16.1
15.3333
15.6
15.0333
13.7667
14.0333
12.9
13.0333
10.9333
10.5667
10.6333
58
63.1333
60.3333
68.2
75.5667
84.7333
89.4333
93.9
108.433
126.667
124.567
136.967
153.533
150.467
163.3
171.3
181.133
172.367
221.633
185.9
193.467
174.9
187.333
179.5
164.767
163.5
171.5
176.333
149.667
133.733
146.467
129.567
119.333
104.833
122.667
95.9333
93.3667
87.1667
84.4
84.1
88.8667
78.7333
73.5
73.9333
71.8667
65.1
67.6667
60.1333
59.0667
54.1333
52.8
50.4
50.2333
48.2333
43.5667
47.5
45.3
42.1667
43.3667
39.8333
39.0667
35.9333
35.4
33.9333
31.5667
30.8333
31.5667
29.2667
27.7
28.3333
25.7333
24.4333
25.5333
23.9667
22.5
22.4
21.2
21.2667
20.1333
18.8
18.9333
18.4667
18.1667
16.8
16.2
15.4
14.5333
14.2333
14.7
13.1333
12.8333
12.3667
11.5333
11.2333
10.9667
51.3
53.2
58.0333
60.2667
62.0667
69.8
80.1667
91.1
94.7
98.0667
111.533
117.033
139.7
146.667
145.733
167.7
165.6
168.467
182.567
173.4
176.567
176.767
198.533
197.267
162.7
142.4
151.8
151.933
146.4
122.5
123.2
132.733
125.567
115.967
116.867
104.433
102.967
101.733
91.7
85.6667
89.5667
82.0667
74.4667
75.1333
74.3
66.6
64.7333
61.6
62.9667
59.2667
61.0333
56.7
50.0667
49.0667
44.1
47.6333
45.6333
42.2667
41.2333
37.2667
39
33.8
35.2
34.3
32.3333
33.3667
29.6
30.8
26.1667
26.9
26.1333
25.5333
23.6333
23.3
23.2667
21.9333
22
20.4
18.9
20.2
18.1333
18.5667
17.4333
16.0333
15.9
16.3667
15.7667
14.4333
13.7667
12.8
12.3667
12.3333
11.5667
11.1
9.86667
46.9667
50.6667
53.5
57.3
63.0333
64.9667
68.4667
78.4333
88.1
92.0667
95.7333
124.667
114.267
132.2
143.933
140.2
153.5
168.033
154.333
164.333
163.067
172.3
170.5
180.8
179.633
155.667
167.867
157.9
170.767
132.3
117.667
126.667
124.467
122.6
110.167
103.133
96.1333
90.3333
84.8
92.8
82
79.9667
78.3333
73.4
69.7333
64.8667
61.4333
62.8
59.7
57.3667
53
56.5
53.8
49.2
46.9
43.4
44.9333
41.6667
40.3333
40.8667
36.0667
33.3333
34.6
32.1
35.5333
30.4333
29.6333
29.2667
29.3667
28.0333
26.3
25.2333
24.8667
22.4
21.7333
21.5
22.1667
21.8
19.8
20.0667
18.0333
18.5
16.5667
16.2667
15.6667
16.1333
15.4667
13.9333
13.6
12.9333
13.0667
11.9667
12.2
10.8333
11.2
44.1333
41.7
45.2333
47.7667
52.7333
64.1333
70.9
73.0333
80.0667
83.8333
95.7
111.333
115.433
120.2
121.4
147.833
146.033
160.7
171.267
136.4
164.267
191.8
147.8
178.733
170.667
161.833
166.267
156.233
130.433
140.133
142.033
155.2
118.467
122.8
103.833
106.1
101.9
99.6
89.3
93.4
83.6
84.8667
74.9333
76.7
75.7333
72.6333
71.4667
66.5
62.6333
58
54.9333
57.4
54.9
50.0667
47.2667
44.8333
43.0667
44.8
44.4333
42.3333
36.7
40.1333
36.9333
33.1333
31.5333
31.0667
31.5
30.2
29.0667
27.4667
25
24.6667
24.9333
24.4333
24.2667
22.3667
21.5333
20.5
19.0667
19.5
19.2333
17.8333
16.9667
16.3333
15.7667
14.1667
14.5333
14.3333
13.5333
13.3
12.8667
12.3333
12.2667
11.1667
10.5667
36.9333
40.2667
41.7667
51.2333
46.1
51.4667
57.9
61.4
70.0333
81.3
70.6333
95.1333
114.2
122.633
133.5
125.833
127.8
136
152.867
154.3
153.8
151.167
169.433
172
177.267
140.233
155.533
153.7
134.133
152.4
105.767
134.333
121.733
118.4
104.367
104.033
105.967
99.9333
89.7
82.1
87.3667
80.6667
80.4333
80.5
77.9333
66.7333
66.4
67.7333
63.3667
58.6667
58.3667
55.9667
53.6333
48.8667
44.4333
45.7
44.7667
42.7333
39.9
40.6333
37.2333
38.7667
35.8667
32.1333
32.5
32.0333
31
27.2
28.8333
28.1333
25.4333
28.2333
25.7667
23.4667
23.9
22.7333
21.0667
20.2
19.5
19.2
18.6333
17.2667
17.7667
16.5667
16.7
15.2667
15.1
13.7333
14.0667
12.6667
12.6
12.1333
11.3
11.2333
10.6333
37.5333
36.7333
37.1
41.1667
43.5
48.7333
55.0333
62.1333
55.0667
66.5
83.1667
83.8
84.9
97.8333
106
115.4
135.467
126.633
121.7
133.367
131.267
144.567
147.7
142.2
147.967
155.433
146.467
156.333
135.667
126.433
132.9
132.367
140.5
109
101.367
103.233
103.5
97.6667
86.7667
85.1
87.2333
89.1667
81.1
75.8
72.7667
70.2333
66.7333
62.4333
61.6667
60.0667
55.2333
52.4
49.8
50.6
47.4
44.1333
42.4333
42.2
39.0667
35.9333
38.9
36.6667
35.0667
34.3
32
30.3333
30.3
30.6333
29.0333
26.7333
25.7
25.8
25.7667
23.2333
22.5333
21.9333
19.8667
19.9
18.2
18.3333
17.8
17.0667
17.5
16.6
15.4667
15.6667
14.9
14.1667
13.9667
13.1667
13.0333
12.3667
11.5667
10.6
10.4333
31.1333
34.1
33.8333
35.1333
39.9667
41.3333
46.9333
51.0333
58.3333
67.0667
69.4667
74.6333
84.4333
88.6667
94.3
106.533
119.433
113.933
120.867
144.8
126.6
143.3
129.433
143.6
148.067
131.833
157.667
136.533
146.5
154.833
142.933
116.433
110.033
118.433
108.533
116.833
102.133
91.4333
91.4667
97.3333
91.0667
77.2667
75.8
73.9
73.6333
70.9
70.5
63.8667
61.3667
59.3667
60.4
54.9333
50.7
45.6
49.4333
47.1667
41.9
42.5333
39.4
39.7667
36.1667
35.8
35.0333
33.1667
31.1667
34.4333
27.6667
31
28.6667
25.9667
25.0333
26.1667
24.6
24.0667
22.3667
22.2
21.2667
20.7
18.9333
18.8
19.6
17.6667
16.7
15.7
15.7667
16.3333
14.5667
13.8333
13.2667
13.6
11.7667
11.2333
11.5333
11
10.0667
27.7
28.7667
32.0667
35.2
36.8333
42.1667
43.1667
47.5333
57.3
58.1333
58.6
82.3667
78.4
78
84.7667
95.9
107.967
120.7
110.1
109.133
126.033
121.567
164.3
116.333
146.833
153.767
144.6
143.333
139.567
141.133
125.033
122.633
137.967
116.3
98.9
111.467
98.8
94.9667
95.2667
88.1
85.7333
83.2333
76.0667
74.1
72.8667
66.6333
66.9667
63.5333
64.4
60.0667
54.6
54.1667
53.8333
50.3667
47.5
43.7667
42.9667
42.6
38.0667
38.9667
35.3667
36.7333
34.9667
36.9
29.7667
30
28.9333
28.1333
28.7333
28.2
25.5333
25.1667
24.8
22.6667
23.2
21.9
21.1
20.6333
19.9333
19.4
18.4667
17.7333
17.3
16.5
16.8667
15.5333
14.4333
13.9667
13.5667
13.1667
12.8333
11.9333
11.8
10.8333
10.1
25
26.0667
27.9333
29.5667
32.8
33.8333
42.1333
40.2667
42.1
54
59.9
73.8667
74.0667
87.9667
74.7
92.2667
90.8
114.733
119.2
141.767
132.767
128.833
128.033
134.3
137.433
132.567
132.767
151.267
132.9
121.767
125.3
116.433
123.9
122.767
102.767
107.5
101.667
95.9
99.1333
79.9333
87.5333
73.7
73.0667
71.9667
72.5
74.3333
65.8333
64.3333
60.1
65
58.6
56.8667
52.7
50.8333
47.2
44.6
46.1667
40.4
43.2333
40.4
37.0667
40.7333
32.6
32.8
31.4
34.4
30.0667
31.7333
28.7667
25.6667
26.4667
24.1667
24.2333
22.6333
21.7333
20.3667
21.6667
21.0667
19.8667
18.1
17.0333
17.5
17.6333
16.2
14.6
15.1333
15
13.7333
13.0667
12.7667
11.9
11.8
12.0333
10.5333
10.9333
24.1667
24.6
24.8
28.4
29.0667
30.5333
34.3333
45.0333
40.0333
55.4
52.0333
66.5333
56.5
77.2333
90.7667
85.8333
89.9333
98.4333
91.5667
103.233
117.4
126.733
113.733
126.8
133.967
130.633
127.4
121.467
135.3
118.7
123.9
111.333
112.667
100.567
124.233
113
97.2333
94.5333
104.1
85.4667
81.2
81.6333
75.6667
74.4667
73
77.9667
67.1
63.8
66.6
52.9
57.5667
52.9667
53.0333
48.2
47.1667
45.2667
41.8667
42.8667
38.5667
37.9667
36.5667
37.8333
35.3667
34.6
33.5333
30.7
28.5667
28.3667
27.6667
26.0667
25.8
26.3667
24.3333
24.5
21.6
20.4
21.8333
18.9667
20.7667
19
19.1
16.7667
15.9333
15.8667
15.7
15.4667
14.9667
13.6333
13.3
13.3333
12
11.4
11.2667
10.9
10.1
20.4
23.1
23.1333
24.6
27.2
27.6667
30.5333
35.8667
40.2
57.8
51.2333
62
60.0667
57.5333
86.5333
72.6333
85.1
94.7667
99.5333
107.4
97.7667
102.433
110.467
136.033
116.033
138.8
133.467
125.233
125.233
132.733
129.4
127.833
118.5
105.9
108.333
101.233
102.7
91.5
94.6667
81.6
89.0667
81.0333
74.9
78.3333
70.8333
70.6333
70.3
67.7333
63.2
57.3333
56.5333
51.1667
51.3667
52.3333
47.3333
45.2
44.1667
39.1
40.6667
37.9333
41.6667
35.6333
34.1333
31.4667
31.4333
30.7333
30.3
28.9667
28.2667
25.7667
25.4667
24.1333
23.4667
22.3667
21.2667
21.8
20.7
20.1667
19.7333
18.9667
18.6667
17.4
16.1667
16.5
15.6
13.8667
14.2667
13.9
13.5
13.1
12.1667
12.3667
11.3333
10.6
10.7333
18.1667
19.3
21.6333
22.2667
24.1
25.2
27.4
31.2667
35.5
39.0333
44.2333
46.4333
48.5667
58.7333
70.8
72.8
81.9333
87.7333
98.2
93.8333
100.267
121.1
112.4
120.033
123.467
105.5
110.833
117.033
115.6
121.833
114.8
112.9
110.7
113.233
116.133
99.5333
86.3667
95.2333
105.967
85.3
80.8
79.8333
80.7667
73.9667
72.0333
70.5
64.3667
64.1
59.3667
55.6
58.9
54.1
51.4
50.7
45.3
41.7
48.5667
40.4667
41.4
40.8667
38.1
39.0667
33.6333
32.5333
33.2333
29.5667
30.7667
26.9
29.6667
28.1333
26.3667
24.4667
22.2333
22.1667
23.0333
20.7667
21.2333
19.3
19.3333
18.5
17.8
17.9667
17.5333
14.7
15.7
14.4333
14.9667
13.7
14.3667
13.3333
11.9
11.5
11.2
10.8333
9.66667
17.8667
18.9
19.6667
19.3
22.0333
24.4333
27.2333
32.4667
30.8667
33.3667
44.2333
40.8
48.2333
58.2333
54.2667
82.6333
73.1333
91.7333
83.1
82.4333
88.2
90.4333
109.067
112.8
107.033
115.267
116.933
119.033
112.5
106.1
120.133
115.667
106.4
95.4667
100.8
103.733
92.3
94.1667
89.2667
84.8333
83.1333
80.9667
76.6
69.7
76.8
73.0333
68.0333
63.0333
58.5667
58.3
57.7
57.8
50.2333
48.0667
46.7
45.7
44.4667
41.4667
39.8
36.8333
41.5333
37.1333
35.3333
32.5333
35.1333
28.7333
31.8333
26.2333
26.4
27.5667
24.6
22.9333
23.7667
21.9667
22.1667
22.0667
21.3333
21.0333
19.0333
18.4
17.1667
17.2
16.9
14.9
15.5333
14.7333
14.5667
13.8
13.4667
12.4333
12.3333
11.6
10.6
10.6333
10.2333
16.6
17.5667
17.1
18.9667
18.8667
21.3333
23.6
24.6667
27.9667
35.5667
42
43.1667
49.3333
60.5333
59.1667
75.1
73.1333
76.6
79.9667
102.567
87.9667
113.833
95.6333
100.733
108.3
109.133
132.467
108.867
106.533
115.4
113.567
108.533
97.0667
102.033
103.9
94.4667
98.9
91.2333
88.4
89.6333
90.4667
70.1
77.3667
70.0667
63.8667
70.0667
70.5333
67.4667
60.7667
56.4667
51.8
55.2
49.9667
46.0667
46.8667
46.0667
47.2667
39.0667
38.0667
37.0333
38.3667
33.6
31.8333
30.8333
32.1667
30.1333
28.9667
26.9667
26.7333
27.9
24.1333
24.1333
24.9333
23.2667
20.9667
21.9333
21.5
21.3667
19.2667
18.1
16.9
16.9
16.7333
15.9333
15.5667
13.7
13.5667
13.7667
13.5333
12.4667
12.1333
11.8667
10.7
10.0333
10.5333
14.1
16.0333
16.0667
16.7667
18.7667
21.0667
21.9333
22.8667
27.2
36.9667
32.6333
43.9667
33.3667
48.2333
52.5
68.6
68.7333
61.1
70.7667
80.7
90.3
80.7
126.433
109.233
111.067
100.2
106.167
117.867
107.533
114.5
118.5
109.8
118
110.767
108.567
90.2333
103.367
88.0667
89.2333
82.2
88.8667
70.9333
76.7667
73.6333
69.1
64.4333
61.8333
64.7
56.9333
60.7
53.9
55.0333
45.4
48.9667
43.5333
47.3
44.2333
40.0667
36.8
36.4333
35.5
34.0667
33.5667
30.8667
33.0333
28.7333
31.4667
27.8667
26.2667
26.3667
27.0667
23.1
22.3
23.0667
20.8333
20.1
19.3333
20.4667
18.5
17.9
16.7
16.8333
14.6
15.6667
14.3667
13.9
14.5333
13.7667
13.3
12.4667
12.0333
11.1
10.7333
10.4667
10.4333
13.8333
14.0333
15.4667
16.3
17.4333
19.2333
18.7667
21.5
23.8333
31.1
32.3667
33.7
39.9333
48.4333
43.6333
52.6667
53.6333
60.8667
73.5
84.8667
85.2
104.433
92.9
84.0667
100.767
102.9
100.967
100
104.433
103.6
113.833
94.1667
113.133
94.4
96.7
98.3
97.3
96.9
92
80.1667
72.0667
84.7
78.8
73.3333
64.6
73.4667
67.6
61.8
64.7
57.0333
52.2667
53.6667
51.2
50.8333
45.1333
41.8
42.4
38.8333
43.9
37.2
33.2667
36.3333
33.1
32.7667
31.7
30.9333
28.5
28.6333
28.3333
25.1667
23.7
24.5
21.4667
24.3
21.0333
21.1
20.5
18.2
19.4333
17.2
17.1667
15.6
16.4
15.9
14.7
15
13.6
13.3333
11.9
11.6333
12.6333
11.1667
10.5667
10.2333
10.5667
12.7667
13.5
13.8333
14.7667
15.3667
16.7667
18.5
24.2667
21.2667
21.8333
27.4
36.6667
39.4
46.1667
42.4
62.8667
60.6667
83.0333
70.2
90.2
89.1
82.4667
84.6333
89.6333
100.933
109.667
105.467
100.7
106.367
102.133
106.633
104.733
106.733
99.4667
93.4
95.6
94.9333
89.7667
86.6333
91.6667
82.9667
79.2333
70.5333
74.3333
68.3667
69.7333
63.7667
63.4
59
51.8
53
57.2
51.5333
49
46.7
49.0333
44.4
41.5333
35.7667
38.9
36.5333
34.0667
35.7667
32.7667
30.2333
31.3
29.8333
28.3333
26.8
25.7333
24.2
24.2333
22.6667
22.6667
22.7
21.6333
19.7
18.4667
17.8
17.9333
16.8
16.4333
15.6667
15.3333
14.1
13.8
13.3
13.5333
13.2
12.4667
11.3667
11.7667
10.9333
10.2
9.9
11.8667
12.3
12.9333
13.0333
17.2667
15.7333
18.5333
16.5333
22.3333
20.6
37.6333
33.1
44.8333
44.9333
37.2
73.5333
71.8
51.0333
80.8667
71.7
86.8333
94.5667
93.2333
98.7667
90.4667
103.267
100.633
113.167
100.6
108.033
100.133
94.9333
101.4
105.867
102.3
96.6333
86.7667
96.0333
90.1
81.9667
83.5667
80.0667
68.8
67.3667
62.4333
68.7333
60.9667
55.8333
61.9333
59.7667
55.3
52.2
47.7
48.2333
45.3667
43.3667
38.1667
40.3667
39.6333
39.4
37.8333
36
31.6333
29.5667
29.3667
30.5
28
27.2667
26.1
25.6667
22.9
22.6333
22.4667
22.1667
22.1333
20
19.1333
19.3333
18.1
17.6333
17.5
15.9333
15.3
14.4667
15.5667
14.7333
13.7333
13.1333
12.7333
12.6333
12.3333
10.6
11.3333
10.2
9.63333
10.7
11.1
11.8
13.0333
13.2333
15.4333
14.8333
16.4667
25.3
18.3333
23.2667
40
39.6333
33.7333
56.9333
41.9333
62.8667
65.7333
81.7333
73.0667
72.9667
100.9
99.1333
94
100.167
95.3
106.167
108.167
92.0333
103.333
109.933
114.567
95.4333
99.3333
108.867
103
99.3
83.8
82.0667
93.3
75.3667
80.6
67.6667
68.9333
72.2333
66.2333
60.7333
54.4333
54
56.8667
51.5333
48.6333
51.3
45.7667
45.9333
44.7333
41.2
41.5333
39.0667
38.7333
35.6667
32.9333
34.3
31.1333
30.3333
29.0667
29.1
26.7667
26.4667
25.5
23.7
23.6333
22.1333
21.9333
22
20.1667
19.9
18.2667
18.8333
17.5333
15.4333
17.0667
15.3333
14.5333
15
14.1333
14.2667
13.0667
12.6
12.2333
12.1
11.0333
10.5
10.2
10.1
10.1667
10.2667
11.2667
11.4333
12.4667
18.7
16.6333
19.5
21.2667
16.8333
21.5333
23.7
33.7333
42.2667
48.2
37.8
51.2
56.4333
53.9667
67.1
81.8667
91.6333
76.2667
98.4667
88.8667
91.6667
91
95.8333
92.3333
108.9
98.3333
91.2667
102.967
98.8333
93.2667
88.9333
96.1333
94.2333
90.8
81.8
81.9667
71.1
72.7333
69.1
69.6333
72.3333
65.6333
57.0667
66.7
56.0667
47.5
52.2667
51.9333
46.5
50.1
45.9333
44.7333
38.1
36.1333
36.1333
35
32.7667
34.9
31.5667
28.1667
28.5
27.5667
26.8667
26.3667
24.7333
22.7667
23.8667
20.9333
21.3667
20.9
19.7333
19.6333
19.8333
18.3333
17.2
15.9
15.6667
16.0667
15.9667
14.3667
13.9333
13.5667
12.5333
12.3
12.2333
11.7667
11.1667
10.4333
10.6
9.26667
9.93333
10.2667
10.7333
11.5667
11.5667
13.4333
13.1333
17.0667
19.1
18.1667
24.9333
22.5333
36.7667
32.8667
39.3333
48.7
50.6333
54.7
69.2667
70.6667
82.0667
68.7333
86.1
82.4667
97.8
95.1667
88.6667
106.2
101.933
106.333
95.3667
106
106.8
96.8333
93.0667
88.1667
89.4333
90.8333
83.7333
78.8
77.4667
72.4
84.8
70.5667
70.6667
65.9
64.3667
60.6667
57.4333
53.8
51.4667
51.4
50.9
44.5333
41.9
41.2
39.2667
39.1333
36.8333
34.7
37.5
35.1667
32.4
32.5667
28.2667
28.8333
26.7333
26.3667
25.9333
24.0667
23.6333
22.8667
24.1
23.1
22
19.5
19.4
17.5
19.2
16.9
17.5
16.6333
16.1333
15.1333
14.2667
13.6
12.8333
12.4333
13.1333
11.7667
10.7
11.0333
10.5333
10.5
9.6
9.43333
9.73333
10.9333
10.7667
11.0333
12.3667
15.0333
16.7667
18.7667
17.5667
29.2667
22.5667
29.5333
31.4333
35.4333
47.5333
45.1333
47.7
64.4333
64.7667
79.8333
70.1
78.3
85.5
89.8333
94.1333
97.2667
102.5
99.0333
91.8
100.967
102.933
88.9
89.7667
88.7333
91.7333
86.2667
91.7667
86.2
78.5
81.2667
66.6
76.6
70.8333
61.8333
69.3667
61.7667
62.4667
58.8
55
55.3333
48.0667
48.9667
50.1
43.4333
39.7
43.8333
37.9333
35.6667
38.1
34.0333
31.4333
33.6667
30.5667
28.6667
27.5667
28.2
27.6667
24.8333
21.9667
22.9
22.7
22.7
20.3667
21.8667
18.2667
19.3333
18.8
18.3333
16.3667
17.9
15.3333
15.2667
15.6333
13.7
14.3667
13.7333
12.8667
11.7333
11.5
11.9333
11.5667
10.7
10.4
9.36667
9.2
9.43333
9.66667
9.9
10.5
11.1667
11.5667
12.8667
16.9667
19.9333
16.5333
18.8
29.8667
38.1667
31.2667
37.6667
42.2667
57.0667
70.7667
62.0667
75.9333
80.3
84.5667
87.7667
98.0667
89.6
93.1
98.0667
81.4333
96.1333
99.1
94.8
100.1
90
86.9
96.0667
91
84
85.8667
78.3
77.6667
87.4667
78.1
66.8667
66.3333
65.8
58.7
58.6667
61.0333
57.5
54.6333
51.9
48.9
45.0333
44.6333
42.0333
40.1667
39.0667
42.3333
38.4
34.8667
32.5667
34.6
32.8
28.2
28.5
26.8
27.5333
24.9667
25.4
22
22.6667
23.2667
20.1667
21
19.1
18.7667
18.8667
17.5
17.6333
16.5667
15.4333
15.8333
14.9
14.3
14.3333
12.5667
12.4333
12.2667
11.5667
12
10.2
10.4
9.6
9.03333
8.73333
9
9.26667
9.66667
10.1667
10.8
10.9667
11.9667
17.3667
17.8333
14.7333
21.0667
22.8333
22.4667
32.8333
53.3
44.0333
54.9667
57.6667
67.6
61.3333
80.3
79.5
90.1333
79.6
95.0333
98.8
103.4
106.433
88.1667
95.9
81.1667
93.8333
89.3667
90.4
85.8
88.8
88
89.8667
83.1667
73.8333
73.5333
70.9333
63.6333
67.6333
69.8667
63.5667
59.2
59
51.6
50.1
49.9
47.7
43.6667
47.3333
43.2333
41.5333
38.4
36.2
32.4
34.2667
35.3
30.2
31.6333
30.0333
27.2667
26.1333
28.3
23.8
22.2667
21.2667
21.0667
22.2333
20.6
21.2
18.6667
20.0333
16.8667
18.5667
17.4667
17.2667
16.7
15.2667
14.2667
14.5333
13.6667
13.1
12.9667
12.3667
12.3667
11
11.0667
10.7667
9.83333
9.5
8.53333
8.56667
9.06667
9.73333
10
10.2
12
11.0333
11.8
15.9333
21.3667
24.4333
20.6333
30.8
30.6
34.3333
51.9667
56.5667
53.9
73.3667
56.8
69.2
70.1667
72.3
92.5667
93.7667
88.2333
92.0333
94.4333
88.4333
94.5333
87.5
84.3333
94.5333
96.1
89.9667
93.8333
92.7667
90.5
83.2333
76.1667
72.4
76.7667
75.6
69.9667
67.5
59.6667
55.5667
51.6667
54.4
50.1333
48.5333
46.9
47.3667
49.8
42.8
37.4
39.1667
40.1333
34.5333
35.9333
30.9667
29.0667
29
28.5
26.1667
28.7333
25.3
23.4333
24.6
24.6667
23.3333
23.1667
20.4
20
19.2667
18.1667
19.0333
17.4
16.6
17.6667
16.3667
14.8
14.2333
13.8333
13.1333
12.8333
12.4333
12.3
11.4333
11.7333
10.3
10
9.96667
9.5
8.36667
8.53333
8.76667
9.03333
9.8
9.6
10.0333
11.1333
22.9333
12.6333
15.7667
21.9667
34.0667
32.4333
31.7
30.5667
37.6333
58.1333
51.9
71.4333
53.5667
67.4667
78.7
77.1
100.267
93.8667
79.8333
87.1333
105.733
90.7
88.6
89.3333
95.1667
89.3333
86.2
96.6
92.7
83
79.7
72.7333
79.1333
73.5333
67.9333
67.9
68.4667
64.5333
65.5
56.4333
53.8
52.7667
50.7
49.3333
48.8667
44.0667
42.8
46.1333
39.7667
36.7
39.6667
33.3667
36.7
30.7667
31.1
31.1333
28.5667
27.6667
26.8
24.9333
24.5
23.5667
21.2333
22.3
21.5
21.6333
20.2
20.7667
18.8333
17.8
17.4
16.7
16.7667
15.6333
15.6
14.1333
14.4333
14.3667
12.3667
13.2
12.0667
11
11
11.3667
10.5
9.13333
9.46667
8.03333
8.3
8.53333
8.8
8.9
9.4
9.96667
10.4
14.3667
16.9667
22.3
18.2667
29.8667
24.1333
34.1667
47.5
42.6667
52.6
59.9
55.0667
61.7
73.8667
73.4333
73.1333
100.867
87.8
106.967
89.3
93.5667
96.2
90.9333
88.2333
92.6
92.4
101.733
79.1667
85.4
80.5333
87.6667
73.9333
73.0333
73.8333
66.8667
69.0667
70.2333
61.6667
62.9
52
62.1333
51.9667
54.1333
43.9333
48
44.8667
44.2
41.3333
41.1333
41
34.6333
33.4333
32.0667
29.1
32.9333
31.2333
28.6667
27.4
26.6333
26.6
26.1
24.7
21.6333
21.3
23.7
19.9667
18.8
17.5333
17.6333
16.5667
17.3333
16.0333
14.8333
16.6
14.1333
14.2333
13.7
13.5667
13.1
12.9667
11.8
11.7667
12.0333
10.7333
9.83333
9.63333
9.7
7.9
8.33333
8.46667
8.43333
8.93333
9.3
9.56667
12.5667
10.6667
11.8667
15.3333
27.3
18.7
22.6
41.7667
28.2667
41.5
48.8333
51.5333
62.9333
68.7
72.6333
84.0333
82.5667
90.2
87.1667
89.5667
83.5
93.8667
86.3333
91.4333
102.3
86.7667
83.6
100.933
85.6667
82.4667
85.7
82.9333
76.2
73.5667
71.2667
73.0333
66.0667
62.7333
68.1667
60.7333
57.0667
56
50.9667
49.3667
46.2333
46.2333
45.9
44.2667
39.0667
41.2667
34.9
36.8333
33.2
34.7333
33.1667
30.6333
29.7333
28
29.3333
24.8667
26
25.8667
21.1
22.2333
19.8
20.1
21.1667
19.1667
18.6
17.0667
17.4
16
16
16.0667
15.1333
13.2667
14.4667
14.2667
12.7333
12.6667
12.0333
12
11.6333
11
11
10.3333
9.73333
9.16667
7.86667
8
8.06667
8.6
8.5
8.66667
10.1333
9.43333
11.6667
12.5
21.5667
21.4333
26.3
27.8
35.6667
38
43.1
55.9667
53.0333
52.4667
68.2333
79.5667
74.5
78.4
87.9667
80.6667
95.6
92.1333
91.8667
94
93.5333
98.6667
97.6333
85.8
91.2333
80.1333
86.9
87.4667
78.4667
73.7333
73.2
68.1667
67.6333
68.9667
61.9
61.3333
62.1333
62.2667
56.7
51.7667
47.8333
52.5
43.8333
46.4333
42.1667
38.9333
42
38.7333
39.4333
31.5333
32.9
32.0667
28.8333
29.8333
26.5
27.1
26.2
26.1333
24.9333
24.0667
22.2
22.1333
20.0333
19.6333
21.0667
18.5
18
16.9333
17.2333
15.6
15.5667
14.4667
15.3333
13.6667
13.6
12.3667
12.5333
12
12.3667
11.2667
11
10.5667
11
9.7
9.23333
7.5
8
7.9
8.23333
8.4
8.66667
9.03333
9.4
10.9
15.5333
17.6333
22.5333
17.2333
25.5
24.1
45.8
51.5
47.9667
54.9333
50.8333
55.7667
64.0333
82.4667
80.4333
79.3333
94.1667
92.5
82.2
87.4333
101.133
94.6333
86.5333
83.0667
89.3333
86.2
84
83.7333
86.2333
70.9667
74.4333
74.7333
71.1333
69.9
64.3333
59.9667
68.3333
60.4333
60.2333
51.4
54.4
53.0667
49.1667
46.7667
42.4
44.0667
36.8667
39.7667
37.8667
34.2333
35.8667
34.2667
31.6
31.6333
29.1333
26.5667
26.0667
26.5667
26.7333
23.6333
23.5
20.9667
21.3667
20.1333
19
19.3
17.4333
17.7
16.6
17.1667
15.5
14.9667
14.9333
14.9
14.3
13.2
12.9
12.7333
11.2333
12
11.9
10.4333
10.6333
10.3333
9.73333
9.33333
7.5
7.76667
8.03333
8.13333
8.46667
10.4667
8.6
9.86667
9.66667
9.86667
10.6333
11.9
23.0667
36.4
40.5333
41.9
58
42.3
59.4667
55.6
54.7667
76.3667
77.8
70.4
83.2333
81.2333
86.7
99.9667
95.2333
93.8667
81.6333
99.0333
89.1
92.5667
85.0667
83.9
77.1667
83.4667
90.0667
79.6
82.5667
70.3667
61.2667
66.3333
60.9333
63.1667
57.8
61.6667
53.3
50.6333
50.4333
48.0333
45.1333
41.1667
45.7
39.0333
40
36.7
40.1333
34.8333
33.1
33.1
31.4
29.5
27.8333
27.7667
24.8667
23
23.4667
22.7667
23.6667
21.5
19.2
20.3
18.7667
18.2
17.0667
16.5333
17.5667
15.4333
15.8333
14.8333
14.1
13.7667
13.6333
12.8667
12.0333
12.6333
11.3333
11.1333
10.5
10.2333
9.76667
9.5
8.9
7.36667
7.46667
7.76667
8.16667
8
8.86667
8.7
16.5667
9.46667
9.43333
15.1
15.2
17.0667
25.1
30.1667
32.7
41.4
29.8333
59.9
57.0333
74.7
61.2667
64.8667
87.4333
76.0667
77.4
88.0333
89.4
95.2
105.8
87.5
80.6333
93.6
91.5
86.7
85.8
80.3
76.7333
81.5333
72.3
65.6333
65.8667
62.5
65.8667
69.9667
63.5667
59.3667
55.5
55.3333
49.9667
54.2333
44.6333
43.6
42.7333
41.6333
37.2
41.5333
32
32.8
32.9333
32.3333
31.5667
27.6
28.3333
28.4
25.3
25.3
23.6667
24.5333
22.4667
21.7667
21.7333
20.7667
19.0333
19.9667
18.5
17.2333
16.7667
17.1
14.7333
15.2333
15.0667
14.3
13.2
12.5
13.1667
12.3667
12.0667
11.3
11.1333
10.6
10.2
10.3333
9.06667
8.9
7.36667
7.43333
7.63333
7.6
8.06667
8.43333
8.33333
8.7
9.13333
16.1333
22.6
14.3667
23.9333
14.8667
28.8667
34.1333
34.5333
53.9667
47.8
44.1
66.7333
82.4667
91.7
74.0333
74.6333
72.7333
95.4667
89.9333
87.6333
93.9333
89
90.7333
95.2
91.1
89.6667
80.6333
91.9
80.8333
82.7333
79.5
72.3667
68.7333
66.8
57.0667
60.3667
62.8
57.5667
55.3
61.2333
52.3333
50
46.7333
41.3333
42.9
38.0333
40.6667
38.9667
38.6
33
34.7667
29.1333
29.7
29.0667
28.8
26.7333
25.6333
23.5
24.7
22.9333
22.5
20.5667
21.0333
19.6667
18.4333
19.2
18.6667
18.4667
15.7
16.2333
15.7
15.2333
15.0667
14.7333
13.2
13.1667
12
12.0667
12.2333
11.3667
10.5333
10.9
10.5333
10.2333
9.26667
9.1
7.3
7.26667
7.53333
7.66667
8.06667
8.13333
8.2
8.46667
11.3667
16.4
13.0333
17.6333
21.6667
18.6333
37.1
28.6
26.1667
49.9333
54.8333
47.6333
61.4333
60.7
79.3
86.5667
85.1333
88.8333
77.5667
89.2
88.1333
87.0667
96.8
87.8333
89.7
85.6
86.7667
88.3
85.6333
85.7
75.8667
70.8
74.8667
70.4667
70.4333
59.5667
60.2333
57.5667
61.6
58.5333
54.6667
56.3333
46.9
50.6
46.2333
41.7
42.5
40.8667
38.3
34.7667
34.5667
34.5333
32.7333
29.6
28.8333
30.7667
27.0667
27.1
24.5
22.6333
23.6333
23.2
22.6667
20.6667
20.9333
19.0333
19.7333
17.1667
16.5333
16.1333
16.5333
16.8333
14.9667
13.9667
13.3
13.6667
12.8333
12.9
12.9667
12
10.8333
10.8
10.5333
10
9.53333
9.46667
8.86667
7.16667
7.26667
7.23333
7.6
8.93333
7.86667
7.93333
8.3
8.8
10.1333
11.5667
13.6
16.9667
33.7333
34.1
36.4667
27.5333
43.7667
51.6333
47.7
60.2
67.7667
64.9667
71
75.2
75.7667
97.7667
87.8667
94.4333
96.7667
98.4667
87.5333
91.4
90.7333
91.3333
84.2667
75.0667
76.3667
83.6667
77.9333
67.6
65.0333
67.4333
60.0667
61.5
63.6667
53.7
56.1667
47.6333
50.0667
45.6333
49.4333
47.3
40.9667
39.1667
39.2
39.7667
35.8
30.0333
32.4667
30.9333
32.3
30.9
27.2667
27.1333
24.6
25.2333
22.8
21.9667
22.2333
20.9
21.7
20
17.8667
18.8333
18.2667
16.6333
15.5667
16
15.1333
14.1667
13.2667
12.4667
13.6667
12.7667
12.4667
12
12
11.7667
10.5667
10.2
10.3667
9.83333
9.33333
8.73333
7.16667
7.23333
7.33333
7.26667
7.5
7.73333
7.83333
7.73333
9.06667
10.7667
9.6
19.5333
19.7333
20.8333
44.3333
36.6333
49.7333
49.2
49.6667
52.1667
64.1667
70.5667
70.4333
73.6
76.2333
87.8333
86.1667
85.6
84.5
90.0667
92.5667
81.3333
87.0667
92.8333
74.7667
82.7667
76.9667
86.6
71
69.1
77.0333
76.2333
67.6333
65.6
64.9667
68.1667
60.1333
55.8333
53.4
47.2
51
45.0667
44.5667
42.0667
42.4
41.6
39.4333
38.4333
34.0667
31.4
28.7667
29.8333
28.7667
25.2
27.9667
24.1667
25.0333
22.8
22.7333
21.5667
21.0667
18.5667
19.1
19.2333
18.5
17.1
16.4
15.7333
15.6667
16.3333
14.9
14.7
13.4333
13.5667
13.6
12.7
12.0333
11.1333
10.8
10.3667
10.7667
9.5
9.56667
9.66667
9.03333
7.13333
7.26667
7.2
7.23333
7.43333
7.6
7.86667
7.83333
13.7667
11.8333
9.06667
20.1667
18.4
25.1333
29.8333
28.2667
31.6
50.6
50.5667
39.4
53.0333
61.0667
69.1
89.8
77.7
75.9333
73.7333
87.6
79.3667
79.7333
75.8667
90.5
91.2333
85
80.8333
74.4667
79.8667
88.5333
85.7
76.2
66.8333
76.1
69.0333
59.7667
62.4
57.1
56.9
54.0333
53.3333
53.0667
47.9667
40.9333
41.4667
40.3667
42.1333
36.1667
38.8
36.8333
37.3
31.2
31.3
29.1667
27.9
27.1
25.9333
26.3667
24.1667
22.5333
23.1333
21.1
19.4333
21.9667
19.2
19.2333
17.1
16.6
16.6
15.6
15.6
14.8667
15.2667
13.5667
13.7667
12.7
12.4333
12.3333
12.3333
11.8
10.8333
10.1667
10.5
9.56667
9.6
9.03333
8.96667
7.13333
7.16667
7.1
7.3
7.53333
7.4
7.7
8.76667
10.7667
9.43333
26.3
21.5
15.7
25.4
28.5333
37.0667
52.9
38.0333
49.7667
49.0667
67.3333
52.9667
65.9
80.2
81.8667
94.7667
83.8
79.6
81.0333
97.9333
97.1667
96.5
84
84.2667
88.2333
95.1
74.5
76.5
69.4
71.8333
66.1
64.2333
67.3667
60.0333
61.9
59.8333
54.3333
55.9667
48.4
49.6
45.9667
46.3
45.2667
44.0667
41.9333
38.8
36.5333
34.4667
33.1333
32.2
29.2667
29.1667
26.7667
28.2333
26.4667
24.0333
23.3333
24.2
21.3
20.8667
19.5667
19.5333
18.4333
17.8667
18.7
16.7333
16.1333
16.2
16.3
16.0333
14.7333
14.4667
13.6667
12.9667
12.5333
11.8667
12.6
12.0667
10.8333
10.0333
10.8
9.93333
9.6
9.56667
8.66667
7.13333
7.06667
7.1
7.2
7.16667
7.4
7.6
7.66667
8.16667
8.16667
12.3
10.4667
15.1333
17.9333
16.5
35.4667
28.7667
29.4667
39.3
44.2333
67.0667
66.1
69.1333
76.1
81.5333
74.6333
80.8
94.0667
90.7
87.9667
79.8
78.2333
82.0333
86.6333
79.1
82.1333
74.1667
80.6667
74.1
70.3667
67.9
66.1
63.9333
62.4
59.8333
52.7
53.5333
53.0667
56.8
50.4333
49.7667
46.1333
42.2333
48.4
36.7667
38.9333
38.1
33.6667
33.5667
31.5667
29.9667
29
27.0333
25.9667
28.6333
23.8333
24.0667
23.2
21.9
22.1667
20.9667
19.5667
18.2
18.9667
18.7333
16.2667
15.7333
15.9667
14.7
14.6667
15.3
14.3
13.5667
13
12.5
11.3
11.9
11.5333
10.7
10.4333
9.96667
9.9
9
9.3
8.46667
7.03333
7
7.13333
7.06667
7.66667
7.4
7.6
10.4333
11.2667
12.5
10.3667
21
21
17.6667
33.3
28.8
33.8
48.2
55.3667
64
50
60.0667
80.6333
70.4333
78.7667
73.6333
77.8
74.1
84.6
77.3667
98.1
80.4
91.3
77.9333
76.0667
94.9333
84.0333
85.2667
72.3
73.9
70.1333
61.1
68.2
62.2
63.1
58.2333
55.6667
54.2
50.3
46.7
48.3
44.7
43.5667
38.4
37.1
37.1
35.4333
33.2667
33.2667
29.8333
30.1333
30.1667
27.8667
29.2
25.9333
26.9
22.8667
23.5667
22.1
20.7
20.8333
19.3
17.5333
18.8667
17.2
16.6
16.9
15.7667
14.4
15.6
13.7667
13.7333
12.4667
12.8333
12.1667
11.9333
11.2
11.2
10.8
9.8
10.1
10.2667
9.43333
8.9
8.93333
7.1
7.03333
7.1
7.03333
7.4
7.2
7.36667
7.56667
9.23333
8.36667
14.4
10.2333
20.5667
22.4
37.1667
35.6
36.6333
35
40.9333
49.6333
61.7
67.8
54
82.4667
81.8333
81.8333
77.8
82.3667
89.1333
73.6667
80.2
82.6
76.9
75.3
83.6333
74.3
84.6
70.3667
78.5
77.1667
60.4333
67.5333
64.8
63.7667
53.3
57.6
66.6667
55.4667
48.1
52.0333
46.3
42.1333
39.7667
43.9333
38.6667
35.2667
35.8333
33.1667
31.0333
32.1
27.9
30.9667
28.1
25.2667
26.1
23.5667
25.4667
22.5333
21
20.6
21.7
20.5
18.4333
17.6667
17.5333
16.4
16.4
15.7
14.9667
14.3667
14.2667
14.1
12.9
12.1333
12.1333
12.3
11.6667
10.6667
10.6
10.5667
9.7
9.86667
9.66667
8.56667
8.93333
6.96667
7.06667
7
7
7.1
7.2
7.16667
7.56667
8.33333
7.93333
12.7333
16.3667
18.9667
25.2
28.0667
32.5333
32.1667
30.1667
54.8
54.7333
60.6333
59.4667
71.9
61
77.1
91.2333
85.4667
70.2333
95.4
77.2667
101.1
96.0333
77.5667
81.3333
77.7667
86.2333
79.6333
78.3667
74.3
70.6
66.6333
68.8333
66.3
66.3667
58.2
62.2
50.0333
53.8333
52.1667
47.2667
41.7
43.1667
43.5
39.5667
35.7
36.1667
34.1333
33.9
35.5333
31.1667
30.5
28.9333
27.7667
24
27.7
25.1
24.3667
22.0667
21.6333
20.5667
19.2
18.4
18.6
16.8
16.8667
18.1
16.7
15.9
13.6333
14.3
13.3
13.4667
12.8333
11.7
12.5667
11.2
11.3
11.4
9.93333
9.96667
9.9
9.46667
9.53333
9.03333
8.6
7
7
7.1
7
7.06667
7.4
8.1
7.46667
8.76667
9.23333
8.06667
14.0333
19.3667
16.4
21.1333
14.9333
41.2333
29.2667
50.4667
51.6333
65.3333
65.5333
74.3333
62.9
82.4333
77.8333
88.5
74.5333
89.5667
80.7333
100.1
88.2
91.7
82.1667
83.9
89.6667
80.7667
76.5333
75.3333
74.9
65.4
68.3333
69.7667
63.9667
58.5667
58.4333
53.6
49.3667
47.8667
47.6667
46
41.1667
37.7
39.8667
39.7667
37.2
32.3667
30
32.0667
30.6
32.2
27.6667
26
25.7333
23.2667
23.6667
22.1333
21.5
20
21.7333
19.9667
18.9
17.6667
18.8667
17.1333
16.3667
15.1333
15.0333
15.7667
15.3
13.7333
13.1333
12.1333
12.8
12.0667
11.5
11.3333
11.1667
10.4
9.93333
10
8.96667
9.3
8.86667
8.4
7
7.06667
7
7.03333
7.1
7.1
9.06667
7.46667
7.3
14.8
11.8667
16.8
17.3333
22.2
20.1
28.3667
33.6333
48.7333
50.4667
44.7333
60.7667
71.3
73.6333
58.0333
76.8333
76.6
77.3667
83.7
80.3
80.5667
82.7667
83.4
83.4
75.7
80.5667
80.0333
72.4333
81.5333
72.1
67.9667
75.2667
70.5667
66.5
59.4
56.5333
55.0333
56.0333
48.7
50.7667
44.3667
47.3667
47
42.8667
42.1
40.9333
37.4333
36.6667
32.6667
31.1667
32.0667
29.5667
25.7667
26.0333
25.6
23.7667
23.7333
22.6
22.4667
21.3667
19.3667
18.4333
18.6
17.6667
18.2
17.0333
16.4333
16.6
15.2667
14.9333
13.3
14.2667
13.4
12.0333
12.9667
11.6
11.3667
10.7333
10.7333
10.0667
10.5
9.66667
9.5
9.16667
8.33333
8.36667
7
7
7
7.03333
7.06667
10.1
7.1
8.7
10.1333
8.96667
9.53333
9.3
19.1667
28.5667
21.9667
26.6333
19.2
60.5
47.1
52.4333
51.5667
60.8667
67.3667
65.4333
69.7667
75.7333
87.4333
72.2333
93.5667
88.8
86.3667
77.8667
82.8333
79.3
85
75.1333
83.5667
75.7333
73.3667
70.4
70
65.4667
65.2
64.6667
60.4
55.6667
53.8667
53.1667
49
46.5
41.1333
44.0667
41.5667
40.1333
38.5
35.1
33.6
30.8
30.7333
31.2
29.3333
28.4333
26.3667
26.3667
25.7
23.3333
22.7
21.6
23.2
20.9667
19.7667
18.4667
18.4333
17.7667
16.1
16.4667
15.8333
14.6667
15.1667
14.3667
13.6667
13.0667
12.8333
12.8
11.8333
12.2667
11.4
10.2333
9.83333
10.0333
9.73333
8.76667
9.13333
8.7
9.33333
6.96667
7
7.03333
7
7.03333
7.36667
7.23333
12.3333
8.36667
7.8
14.8
9.46667
21.7333
26.6333
25.9333
25.3667
40.2333
41.5333
41.5
49.0333
46.7
57.9667
59.7667
75.0333
68.1667
82.4
80.8333
85.4667
91.6333
77.1667
77.7
84.0667
76.0667
78.9667
79.5333
80.3333
77
76.9333
71.3
77.1
60.3333
61.9333
69.3667
55.8667
60.8
54.8667
58.3
50.1333
51
50.7
44.7667
42.2
39.5333
39.7667
38.5
33.8
31.8
34.0667
27.7667
31
27.9667
30.0333
23.9
26.1667
24.5667
24.2333
21.4667
23.3
21.0333
19.8
19.3
17.1333
18.0667
17.4333
16.8667
16.1667
15.5667
14.7
13.5
13.5667
13.5667
13
12.2667
11.8667
11.6
11.0667
10.5333
10.7667
10.5
9.46667
9.36667
9.7
8.73333
8.23333
8.43333
7.03333
6.96667
6.93333
7
7.06667
7.03333
7.1
8.83333
10.4667
11.1333
7.83333
16.7333
18.8333
30.1667
32.0667
26.8667
34.3333
31.8667
46.5667
42.5667
57.6667
55.3333
62.1667
81.9333
83.3333
90.3333
89.0333
82.9667
82.9333
81.4667
81.2667
80.7667
82.0333
78.6
78.7
70.7333
72.4333
72.3
64.9
65.3
66.1
65.4333
61.2
60.0667
56.2333
56.3
56.2667
53.8333
48.7667
48.9
45
41.9667
35
40.6333
35.9
36.9
32.0333
33.5667
31.1667
33.8667
28.3
26
24.7667
24.1333
23.3333
22.9333
23.3667
20.9667
21.1
19.2
18.1
19.5333
18.7333
16.3333
17
15.8
15.6
14.2
14.3667
13.3
12.9667
12.4333
12.0333
12.2667
11.7667
11.4
11.1333
10.2
10.0667
10
9.73333
9.4
9
9.2
8.76667
6.93333
6.93333
6.96667
6.96667
6.96667
7.1
7.03333
8.23333
9.73333
12.6333
19.2333
10.6
16.2667
23.2333
28.2333
30.6333
31.3333
47.2
35.8667
46.4667
55.1333
54.5667
75.6667
69.0333
62.3667
82.3667
88.3667
83.5333
84.4667
79.3333
86.0333
77.5333
86.5333
81.0667
82.5667
69.0333
70
64.9333
68.7667
66.5667
66.2
64.2667
63.5333
56.6667
57.9333
55.5333
50.1
50.7
47.1333
44.2
41.1333
41.7
39.1333
40.5
36.7
35.1333
35.3333
33.5667
30.1
29.5
28.6667
27.5
26.8333
26.2667
24.8
22.4333
20.3333
21.5
21.3
18.9
19.0667
17.7667
20.2333
18.1
15.6667
15.7667
14.7667
15.4667
14.0333
13.8
12.9667
12.7333
11.6333
12
11.8667
10.9333
10.5333
10
10.6667
9.8
9.16667
9.06667
8.73333
8.4
8.23333
6.96667
7
7
6.93333
7.03333
7.33333
7.06667
7.43333
7.2
12.7333
8.5
10
21.2333
18.7
37.1333
26.6333
33
46.4
44.3
51.9667
57.5
63.9333
65.7
65.1667
66.5
79.7333
72.3
72.2333
82.4
79.4667
83.2333
76.1
88.1333
84.6667
83.6333
76.6333
75.6333
80.9
71.6667
73.8333
63.1667
67.8
58.9333
60.8333
57.7333
55.1
54.1
47.2333
50.7333
46.7333
43.4
38
41.2667
36.7333
36.3
31.8
33.4667
33.6
32.9333
30.9
29.1333
27.1
25.4
23.8667
22.8667
23.2667
23.4667
21.7333
21.4
18.1667
18.1333
16.4333
17.8333
17.0333
17.2333
14.7667
15.6
15.1667
13.8
13.0333
13.1667
11.6333
13.1
12.2
11.2
10.7
10.6
9.93333
10.2333
10.1667
9.36667
8.96667
8.5
8.16667
7.63333
6.96667
6.96667
7
6.93333
6.93333
7
7.03333
7.16667
8.16667
9.26667
7.26667
11.7667
20.8
24.3667
23.1333
33.2667
33.9333
36.8333
42.6667
53.4333
45.1
58.5667
57.7
75.7333
59.5333
75.3
80.6667
80.2667
79.4667
81.6667
87.9667
84.3333
81.7667
78.3333
73.8667
78.1333
74.1
72
69.8333
66.4667
69.6667
63.5
60.8
63.1333
60.7333
52.4
54
50.2667
49.2333
50.4
42.9667
40.0667
38.8333
38.4667
35.6
33.4
33.4333
29.8
29.2333
30.0333
27.6
27.7333
24.5667
23.1333
24.7
23.6
21.5333
21.4333
19.9667
19.2667
20.9333
17.7
17.6333
16.8333
16.4667
16.1667
15.2667
14.1333
14.3667
12.7333
12.6333
12.7667
11.9
11.9667
10.9333
11.3333
10.7
10.4333
10.4667
9.5
9.36667
8.6
8.03333
8.6
7.9
6.93333
6.96667
7
6.93333
7.03333
6.96667
7.13333
7.46667
7.6
13.7667
15.6667
20.7
24
23.8
30.1333
34.2333
25.2333
42.8667
42.8333
63.2
61.5
62.6333
75.7333
62.3
59.7333
64.5333
76.9
82.3
85.0667
72.5
78.9667
72.9667
90.7667
76.0333
76.7
74.5333
75.0667
69.5667
71.3
64.1
66.0333
65.7
57.9667
57.1333
56.3333
51.8667
54.8
45.7
46.9667
40.4333
42.7667
42.4333
43.1
37.2333
37.0333
36.0333
33.1333
32.6
32.4667
28.8333
26.4667
25.7333
26.3
24.8667
23.2
24.6
21
20.1
19.3333
19.3667
17.8667
16.6
16.6333
16.2667
16.0333
15.2333
14.8667
14.8667
13.8667
14.3333
13.8667
12.5
11.8
11.2
11.3667
10.8
11
10.1333
9.9
9.83333
9.33333
9.16667
8.8
8.3
8.56667
6.96667
6.93333
6.9
6.93333
7
7.06667
7.03333
7.43333
7.16667
8.9
15.1333
11.7333
13.1
14.6667
23.4333
30.8667
19.8667
35.8333
46.1667
52.0667
58.7
72.3333
75.1667
66.9
61.6667
72.4333
70.3
90.6333
90.2333
75.8667
73.4333
81
85.0667
75.4
80.9667
73.3333
69.4
67.6
68.7667
64.8333
61.2
65.1667
57.2667
56.4667
54.1
53.9333
48.6
45.4333
44.7333
43.7
42.0333
40.8333
38.5333
36.5
35.6333
36
32.7667
27.9
28.7667
27.5667
28.7667
24.6
25.9
25.6333
23.5333
21.5667
20.7667
19.9667
19.7
19.0667
19.3
17.8
16.7333
16.1
14.5667
15.5333
15.5667
14.4
14.2
13.4667
12.4333
12.7333
11.4333
11.5333
11.6333
11.1333
10.4667
10.3667
10.1667
9.26667
9.36667
9.23333
8.46667
8.46667
7.8
6.93333
6.96667
7
6.9
6.96667
7.03333
7.1
7.16667
7.16667
10.7667
10.1667
22.1333
16.5
19.1333
22.6333
29.3333
34.3
38.6667
35.8
31.8667
63.5667
63.2333
75.5
66.5
68.5333
74.1
80.8
71.8667
73.3333
79.0333
78.5
80
85.2667
78.4
72.9333
75.8667
75.9
69.8667
72.1667
68.2333
64.3667
62.8333
58.1667
56.3333
52
50.7333
50.2667
48.3333
47.4
41.4333
42.5
42.6
37.8333
36.9
33.2
34.6667
32.5667
32.2333
30.3
28.9667
27.6667
27.9333
22.3333
22.7
23.0667
20.2667
22.8333
22
19.1
19
18.9
17.7667
16.1667
15.8667
15.9333
14.7667
13.8667
15.2333
12.9667
12.9
13.0333
13.1
11.3667
11.3333
11.1667
10.7667
10.4333
9.8
9.4
9.46667
8.96667
8.73333
8.43333
8.16667
7.7
6.93333
6.96667
6.93333
7
6.9
7
6.96667
7.03333
7.03333
7.96667
10.8333
15.9667
20.5333
22.1333
32.2667
28.5667
50.5
38.1333
40.0333
47.0333
58
59.3667
60.5
59.1667
70.2
60.4667
93.0667
70.9333
72.7
80.9
82.5667
75.2333
80.4333
76.0333
68.8667
71.9667
71.8
63.6
67.1333
57.6
68.4333
61.0667
58.0333
55.8333
55.1
49.1
47.5667
46.0667
44.8667
42.3667
44.8333
38.0333
37.9
36.8333
35.1
30.6333
30.5333
30.7667
29.0667
30.2667
25.8333
28.3667
23.4667
24.2
21.2333
20.9667
23.0333
20.0333
22.0667
18.9667
18.4
17.1
16.8333
14.7667
15.0667
13.9667
13.4333
14
13.7
12.9
13.0667
12.3333
12.8667
11.1333
10.7333
10.8333
10.3333
10.2
9.53333
9.4
8.96667
8.73333
8.76667
8.6
7.66667
6.93333
6.96667
6.93333
6.93333
7
6.9
6.96667
7.06667
9.2
8.3
7.93333
17.4333
14.0667
20.4333
37.6333
29.2333
35
30.6333
44.1667
53.2667
67.9333
61.2333
59.4667
74.9
76.6
74.5
80.9667
77.8333
76.7
84.9
77.6
78.4333
82.4333
74.4
70.8667
67.9667
70.8
71.0667
67.3667
64.2
67.8667
57.5667
56.7667
55.2
52.7333
51.3667
49.3333
46.7
49.2
46.3333
44.3667
39.2667
39
36.0667
34.4
29.9333
31.7
30.2667
28.2667
28.3667
27.7
25.7667
25
24.9
22.9
21.4667
21.8667
20
18.8333
17.2667
18.0667
17.1
16.5
15.5667
15.3667
14.2
13.7
13.9667
13.5667
13.0667
12.3333
12.2667
11.8667
10.9333
10.7333
10.8
10.1
9.53333
9.4
9.1
9.33333
8.7
8.26667
7.53333
7.56667
6.93333
6.9
6.96667
6.93333
7
7.63333
12.2
8.3
7.6
9.1
11.2
10.1
13.2333
27.5667
19.3333
27.8
28.8333
40.4667
46.3667
49.4333
48.8667
52.9333
71.7
68.4667
59.7667
74.2667
76.3
77.4
88.1
76.5667
82.1
83.5667
81.4667
73.1333
75.9333
80.4
73.8
67.0333
60.6333
67.6
65.7333
61.3667
57.6667
57.4667
58.2667
53.8333
48.5
49.0333
44.9667
42.6
40.5
39.5667
41.5
34.6333
32.9667
32.8667
33.0667
29.5
29.2
29.5
25.1333
26.6
25.1333
24.9
22.5333
21.3333
20.6
19.9667
18.6
18.8333
17.8
17.8667
16.6
15.8667
15.0667
13.8333
15.1
14.1333
13.7333
13
12.5333
11.7333
12.5333
11.4
11.0333
10.4667
10.3333
9.86667
9.23333
9.46667
8.86667
8.56667
8.2
7.96667
7.96667
6.93333
6.96667
6.96667
7
6.93333
7.03333
6.96667
6.96667
11.5
11.3333
14
8.6
21.3333
25.2
28.0333
31.7333
28.9333
35.8
46.6333
42.6
62.3
52.5333
62.8333
76.7
63.9
83.3
80.6667
81.2
77.1667
77.5667
75.5
83.3667
84.3667
72.8667
69.3667
79
75.8333
69.4333
68.8667
75.2
63.6333
57.6333
63.7333
57.5
50.2333
49.3333
48.2333
48.4
43.6
42.8
38.2333
35.8333
35.1
37.5333
36.2333
31.6333
31.5667
32.5
30.5
27.8
26.4333
24.5333
24.1667
23.3667
22.3333
21.5667
19.1667
20.6667
17.8
18.1
18.4
16.7333
17
14.6667
15.8
14.4
15.1667
13.8333
12.3333
13.6667
12
11.8333
11.8667
10.6333
10.5333
10.1
9.86667
9.63333
9.2
9.3
8.5
8.83333
8.06667
7.76667
7.56667
6.93333
6.93333
6.93333
6.93333
6.96667
6.96667
6.96667
7.06667
8.93333
12.3333
10.8333
18.9
16.5
13.4333
18.7333
16.7667
46.8667
37.7
53.4667
58.3667
63.1333
73.6
59.8333
59.1
64.7
83.9333
75.2667
78.2
77.8
89.7
78.1333
76
82.6667
87.1667
78.6667
73.4
75.6333
67.0667
71.6333
67.4667
63.7
59.4333
59.2
55.5333
56.2
50.5
49.8
44.8
41.8667
42.7667
40.5
39.5333
36.7333
35.9667
34.6667
30.8
33.1667
29.4
26.5333
28.0667
24.8
26.1333
22.5
21.5667
19.7333
21.0667
19.4667
19.7
19.9333
17.6
19.1667
17.2
16.2333
15.8
15.0333
14.8
14.2667
12.8
14.1
12.3667
11.4
11.9667
11.2333
11.5
10.4333
10.3333
10.0333
9.43333
8.96667
8.86667
8.96667
8.7
8.33333
8.06667
7.6
6.96667
6.9
7
6.96667
6.93333
7
6.9
8.7
10.6667
8.23333
9.6
12.4667
12.8667
13.6667
20.8
27.5667
30.8667
37.6667
44.0333
47.9333
57.7
48.6
71.9333
74.6667
65.9667
62.0333
85.5
83.2667
86.7667
72.9
70.3333
71.9333
74.0333
77.4667
77.5667
73.1667
68.7333
62.0667
67.2667
65.3
63.9333
56.1667
55.4
55.3667
51.6
53.0333
43.3333
42.8333
46.0667
43.6
39.7667
42
34
34.4
35.1333
29.1333
33
28.5667
26.5
26.5667
25.9
26.5
22.7667
21.8
21.4
20.8333
20.1333
18.1667
18.6
19.2333
17.5667
17.4333
16.1333
15.4333
14.5
14.2667
13.5667
13.9667
12.7667
12.9
11.9
12.1
10.6
11.1333
10.0333
9.93333
10.2
10
9.4
9.23333
8.56667
8.86667
8.2
7.93333
7.63333
6.96667
6.9
6.93333
6.96667
7.43333
6.96667
7
8.93333
7.53333
8.63333
8.86667
13.9667
13.1
17.4667
29.9
29.2667
24.8333
36.2667
36.9333
42.0667
49.0333
57.6667
69.8333
68.6667
77.0667
81
93
83.3
73.3333
71.6667
81.4
76.8
86.4333
79.2
73.3
71.5
67.6333
67.3
65.1333
61.3667
63.1
61.5
58.3
58.0333
52.5667
52.8667
52.8333
45.8
41.8667
42.6667
42
40.5
37.3
37.2333
34.1333
33.9
32
30.6667
26.6333
24.9667
27.1
25.3333
24.3333
23.4
22.7667
20.8333
19.5333
18.7333
17.9
18.2667
16.9333
15.9667
15.5333
15.5333
13.4333
13.7333
13.9333
12.6
12.8333
12.6667
12.0333
11.8333
11.1667
10.8
9.6
10.2
9.46667
9.16667
9.53333
9.13333
8.66667
8.1
8
7.56667
7.76667
7
6.93333
6.93333
6.93333
6.96667
6.96667
6.96667
7
7.26667
8.93333
15.6333
9.6
11.8667
17.9
33.8
20.9333
39.9667
36.7333
37.1333
49.1
48.9667
69.3
67.5
65.9333
62.2
72
68.6333
91.4667
78.5
86.5667
87.7667
77.6
73
72.2
71.9667
71.4667
73.2333
68.0333
72.1
66.6333
60.4
58.9667
54.6667
60.0667
57.7
47.6333
48.6333
47.3333
49.5667
42.4
42.8667
39.7333
41.0667
35.5333
35.1
32.2
29.4667
27.8667
28.6333
25.9667
24.4667
22.2333
23.5333
21.9333
22.8
20.6
20.2333
18.6
18.1
18.0667
18.9667
17.5
17.3333
14.6667
14.3667
13.7
13.9333
13.1667
12.6
12.9667
11.9667
11.7333
10.8
10.9
10.8333
10.4667
9.76667
9.46667
9.3
8.5
8.63333
8.46667
7.9
8.03333
7.7
6.93333
6.96667
6.93333
6.93333
6.96667
6.93333
6.96667
7
9.83333
12.8333
12.9
11.6667
16.4667
15.2
23.2
25.2
32.0667
37
52.2667
44.5667
55.7333
66.7
54.8333
71.0667
67.3667
70.8333
72.7667
74.6
73.8333
63.4667
84.3667
79.2667
75.6
78.0667
72.2667
77.7333
74.4
68.3333
68.6667
64.4
56.5667
56.6667
57.1
55.8667
53.5
49.7
48.9
49.2
41.7333
39.9333
42.7667
37.4667
37.0667
32.5
34.9333
31.7
30.3667
28.4667
27.5667
25.4667
26.0667
26.1667
24.6333
22.4
21.9333
19.8
20.2
18.4
19.6333
16.8667
17.4333
15.9
15.0667
15.5333
15.1333
14.1
14.0333
12.4
12.0333
12.1667
12.4
11.2333
11.1
10.8667
10.0333
10.1333
9.76667
9.5
8.93333
8.76667
8.76667
7.9
8.13333
8
7.46667
7
6.93333
6.96667
7
6.93333
6.86667
8.06667
7.13333
9.76667
7.76667
8.9
15.4
13.4
18.4
22.8667
31.1333
27.6333
34.5
38.6333
55.7
61.0667
62.2333
64.2667
61.0333
73.6333
69.7667
74.4333
67.0333
79.1
79.8667
80.8333
78.4333
71.7667
81.4333
67.0333
67.1667
73.7333
66.5
60.8333
69.5
57.8
57.4
54.2333
56.0667
55.4
50.0333
47.7667
46.1
44.6667
40.4333
41.7
39.9667
33.4667
34.3667
33.7333
29.0333
32.7333
29.7667
28.8667
25.3667
27.3667
23.9667
22.5
22.6667
22.5
21.3
19.9333
17.9333
17.2667
18.8667
16.6667
16.0667
16.2333
15.3
14.3667
14.4
13.8333
13.8
11.9333
12.2667
11.8
11.5667
10.4667
10.8333
10.2667
9.83333
9.9
9.3
9.03333
8.73333
8.46667
8.03333
7.7
7.76667
7.26667
6.93333
6.93333
6.93333
6.96667
8.06667
7.03333
7.6
7
7.36667
9.3
7.83333
16.1333
13
18.5
23.9333
21.0333
23.6
40.4
38.8667
38.8667
53.4
50.1333
72.2333
76.5667
66.2
72.9333
74.4
72.8333
68.9
75.7
69.2667
77.1
80.3
74.8
68.8333
69.6
66.4333
66.8667
73.1
62.3
61.9
54.7
53.2667
56.2333
51.0667
51.5667
47.2333
46.6
43.6333
41.9
39.1333
38.4333
35.1
34.7
34.8
30.9333
29.2667
29.5667
28.9667
24.8333
27.3
24.1333
24.3
22.9333
21.7667
20.6667
19.4667
18.2333
18
19.0667
16.4333
15.6667
15.8667
14.8667
14.3667
14.5
12.7667
13.2333
11.6
11.8333
12
10.9
11.4667
11.5333
9.76667
10.0333
9.63333
9.56667
8.6
8.6
8.86667
8.06667
7.93333
7.46667
7.43333
6.9
6.96667
6.83333
7.03333
7.1
9.63333
6.93333
7.33333
8.26667
8.33333
7.53333
11.6667
8.36667
9.6
30.7333
23.9333
28.5
40.8
42.2667
54.2667
62.7333
56.7667
67.4
64.3667
54.3
57.7667
64.7333
76.5
73.5333
78.8
75.9333
82.8
73.1667
75.9333
74.8
71.0667
67.2667
76.5
64.2667
60.8667
62.7333
60.3
55.7333
50.1667
51.5333
49.0333
50.3667
46.8667
42
40.6333
41.2667
38.5333
37.3333
33.3667
31.9333
28.8667
29.7
29.6333
28.7
25.2667
24.8
24.6333
23.9
20.8667
19.6333
22.0667
19.1
19.0667
17.8
16.7667
17.5667
15.5
14.4333
15.4
13.7333
14.3333
12.8
13.2667
12.4
11.9667
11.4667
11.0667
10.7
10.5333
9.83333
10.0333
9.06667
9.36667
8.46667
8.76667
8.63333
7.9
7.76667
7.46667
7.5
6.96667
6.83333
6.9
6.96667
6.9
6.93333
6.9
7.03333
11.0333
8.83333
14.8
10.7
24.1667
13.5
25.3333
20.3
33.5333
27.4333
44.4
48.1667
58.4667
62.2667
59.6333
74
63.5667
59.9333
73.7333
75
78.8667
78.5333
78.6333
78.6
80.8333
68.2333
70.9667
72.0333
68.6667
62.1
67.5333
62.2
67.4
55.8
57.2667
59.2333
52.2667
48.5
47.2333
46.2333
40.6
45.1
37.2667
35.6333
35.2
31.8333
32.0667
33.4
30.2667
27.3667
27.1
25.0667
26.9667
22.8
23.9667
22.1
20.1667
19.8333
19.6333
18.8667
17.5667
16.4
15.4667
14.9667
14.8333
15.5
15.2333
12.9667
12.6333
12.8667
12.4333
12
11.1333
10.5
10.6667
10.7333
10.3667
9.26667
9.6
9.13333
8.86667
8.4
8.16667
7.93333
7.7
7.53333
7.06667
6.96667
6.93333
6.96667
6.93333
7
6.96667
6.96667
6.96667
8.33333
8.46667
7.53333
8.33333
19.7667
18.8
24.1
35.6
35.7333
31.8
46.2667
42.5333
51.2
63.4667
52.3667
60.9
62.1667
79.4
69.7333
74.9333
79.8
79.8667
73.2667
78.4
73.7667
74.0667
77.7667
74.9667
69.0333
65.8
65.3
62.8667
63.3667
60.6
54
54.2333
47.6
51.3667
50.8333
46.6
42.6
43.3667
38.6
37.4
37.0667
32.6
34.6333
27.8333
30.2667
28.5667
26.7667
24.5
26.0333
23
23.2
22.9667
22.0333
19.5
19.3333
18.7333
17.4
15.8667
16.5667
16.3667
15.1
15.4667
13.8333
13.5667
12.6
13.1667
12.5
11.6667
12.0667
11.1333
11.1333
10.5333
10.0333
9.66667
9.06667
9.16667
8.16667
8.16667
8.03333
8.06667
7.56667
7.03333
6.96667
6.93333
6.9
6.93333
7
6.96667
8.26667
6.93333
6.9
9.13333
10.7667
20.3667
9.5
14.2667
12.7333
32.4333
33.5667
32.2
44.2333
44.9333
36.2333
48.1
54.7333
56.2333
55.0333
70.9
66.4333
68.3333
75.6333
71.8
72.0333
82.4333
79.3667
73.1
71.6333
72.5667
66.6
76.8667
65.5
58.3333
60.3667
61.6667
52.4
56.9333
53.6
48.7
48.0333
44.6667
44.4667
45.3667
41.3667
41.4333
38.4333
36.1667
32.2
32.4333
30.6
28.6667
26.9667
28.1
26.3333
24.3667
23.6333
22.9667
21.3
21
19.1333
18.5333
17.4667
17.7333
15.9
17.7
15.7
15
14.7
13.9667
13.8333
12.3333
12.6667
12.2333
11.5667
11.6333
10.7333
10.7333
10.4667
9.76667
9.23333
9.53333
9.03333
8.63333
8.86667
8.03333
7.76667
7.7
7.5
6.9
6.93333
6.96667
6.93333
6.96667
7
6.96667
6.93333
6.93333
6.96667
7.8
17.0667
17.7333
15.8333
19.2
29.7667
33.4
27.3667
34.4
45.1
36.5
43.6667
62.9333
55.0333
67.8
70.4333
68.1667
72.2
70.1667
82.8333
74.5667
65.7333
72.0667
67.7
70.7667
67.3333
66.4667
73.3333
73.1667
62.8333
68.7667
57.5333
60.6
51.6333
57.8667
53.0667
52.4333
48.4
40.9667
45.1333
40.4333
34.5
37.5333
33.7
33.1333
32.7667
32
31.5
28.6667
27.1667
24.8333
25.7333
25.3333
21.4
23.1
20.9667
19.9
18.1333
17.4333
19.0333
17.8
16.3667
14.8
14.9
14.8
14.2
13.4333
13.2333
12.1333
11.9333
11.6667
11.8667
10.4
10.5333
10.0667
9.5
9.46667
8.9
9.13333
8.86667
8.26667
8.16667
7.73333
7.56667
7.76667
7
6.96667
7
6.93333
6.93333
6.93333
6.93333
9.43333
7.03333
7.86667
10.5333
9.06667
18.3
18.9667
20.4667
18.7333
24.6667
30.8667
29.6333
41.3667
46.9667
54.6667
49.3667
57.0667
64.5333
63.1
63.7333
69.7333
70.2333
75.1667
70.8
80.2333
72.4
76.8333
70.3
72.1667
70.7
74.5667
70.9333
60.3333
61.4667
57.8667
60.6333
60.2667
56.2667
51.6667
49.0667
43.0333
41.9
40.9667
39.1667
42.1333
36.1
34.4333
33.6
32.4
30.1667
28.9333
28.3
28.9
24.1333
23.4667
24.5333
22.6
21.7333
21.7
19.4
18.7
18.5667
18.8
18.8
16.1667
14.8667
14.4667
13.8667
13.3667
13.5333
12.7
12.3
12.9667
11.7667
11.3667
10.8333
10.0667
9.6
9.56667
9.66667
9.23333
8.8
8.7
8.26667
7.93333
7.8
7.5
7.66667
6.8
6.96667
6.96667
6.93333
6.93333
7
6.86667
6.96667
11.6333
7.7
11.5667
12.9333
22.9
18.2
11.8333
22.0333
24.3333
37.1333
28.5
38.5333
56.7
49.4667
45.9667
67.9667
62.6
63.8667
69.6667
72.5
71.9
80.7
68.6667
81.5
81.2667
67.7
78.7
71.7
68.0333
69.0333
62.8
70.7
54
62.6
57.0333
52.2667
51.8
47.8667
50.5
44.7667
45.1333
42.4333
39.8333
42.0667
38.5667
33.9333
32.9667
30.6667
30.4667
30.3
26.7
28
25.9
25.4667
24.2667
22.5
22.2333
20.9333
18
19.1667
17.6
17.7333
17.6333
14.9333
14.9
14.1
13.5
14.2667
13.4
12.6
11.9667
11.3333
11.3333
11
10.3333
10.1333
10.3333
9.66667
9.1
8.93333
8.7
8.66667
8.23333
8.2
7.63333
7.43333
7.2
6.96667
6.96667
6.93333
7
6.96667
6.96667
8.2
6.93333
7
7.06667
10.4333
10.8333
9.3
15.9
15.4667
25.9
20
28.4667
42.8667
51.8333
39.5333
49.0333
64.6
64.4667
59.5333
64
67.1667
71.2667
69.0333
78.5667
78.8667
62.6333
68.8
71.1
73.4333
72.7
64.2667
64.0333
68.5
63.7
60.0333
61
56.1
53.5667
54.3667
50.2667
49.1333
44.1
42.9
40.7333
40.2667
38.7667
40.3333
32.7333
33.2333
31.9
28.7333
29.8
28.7333
26.7
26.5333
24.0333
23.1
22.6
21.2
20.1667
20.7667
18.2
18.9667
16.9333
15.7
17.7
15.3
14.3667
14.6
13.4667
13.6333
12.5333
12.3
12.1333
11.5667
10.8
10.7667
11.0333
9.53333
10.2667
9.73333
9.66667
9.03333
9
8.36667
8
7.66667
7
7.46667
7.03333
6.93333
6.93333
6.9
7
6.96667
6.9
6.96667
8.7
13.3333
8.7
9.46667
15.9
19.1
19.5
26.2333
18.6333
23.8333
40.2
41.7667
44.5667
45.4
58.4667
53.9
67.5667
75.6667
76.5667
75.6667
69.8
71
76.2
78.7667
80.1
73.5667
73.3667
76.7667
69.0333
67
63.9
65.2667
58.3667
54.2
59.0667
54.4
49.4333
49.9
50.6
49.8
44.1333
41.1
42.0333
39.0333
41.6
35.7667
35.0667
34.0667
30.9667
30.3
29.3333
24.9667
24.1
23.0667
24.3
20.9
20.1
19.4667
19.2333
18.7
17.8333
17.5333
17.4667
15.8667
15.8667
15.3333
13.9333
13.6667
13.4
13.1
12
11.1667
11.6
10.4667
9.9
9.8
9.76667
9.46667
9.6
8.7
8.63333
8.43333
8.36667
8.13333
7.4
7.3
6.96667
7.13333
6.93333
6.96667
6.96667
6.93333
6.96667
6.96667
7
6.9
7.86667
13.6
9.7
8.3
15.7
14.6667
19.5333
27.4333
32.1333
32.0333
43.2333
48.3333
50.7333
61.0667
65.7333
74.3333
63.7333
62.3667
70.0333
76.4
65.6333
81.6333
69.8667
71.6667
85
67.3
75.0667
70.9667
66.1667
75.3
59.1
66.4
63.8667
64.1667
53.6
51.5333
51.1667
49.1333
45.3
42.7333
40.7667
40.9667
38.3
33.4667
33.6333
30.2
33.0667
29.3667
31.3333
27.1333
25.2667
25.9667
23.8333
21.1667
21.9333
19.7
20.5667
20.5
16.4
16.4667
17.2667
15.8
15.6333
15.6333
14.1333
13.6667
13.3333
13.3
12.4667
12.3333
12.2667
12.0667
11.0667
10.5667
10.2333
10
9.6
9.36667
8.63333
8.56667
8.33333
7.8
7.96667
7.66667
7.46667
7.3
6.96667
7
6.93333
7
6.93333
7
6.9
8.16667
6.96667
7.36667
12.3333
6.93333
15.5667
15.5667
25.8333
16.3
35.4333
37.1667
33.0333
55
32.8
57.3333
45.3333
64.3
62.2
57.4333
70.2333
79.3333
77
75.7
70.2
72.8667
77.2
76.8667
67.1
66.2
69.8667
66.5333
69.3
64.8333
63.7333
52.8667
55.2667
57.6333
51.5667
47.1667
52.8667
46.6333
43.9
41.8333
37.7
39.7667
35.5667
34.0667
32.7
32.7
30.5667
29.2333
28.1333
25.6
26.8333
23.2
21.6333
21.9667
19.6667
19.9
17.8333
19.1667
17.4333
16.8667
17.2667
14.9333
15.9333
14.9333
13.4
13.8667
13.4
12.4
11.7667
11.9667
11.7
10.8333
10.5
10.1333
10.0333
10.1333
9.16667
8.4
8.73333
8.16667
8.23333
7.8
7.3
7.3
6.93333
6.6
6.96667
6.96667
6.93333
7.76667
6.93333
6.93333
6.93333
6.93333
6.86667
11.6333
8.4
11.3667
16.2333
12.8667
26.5333
18.1
28.9667
44.4
42.6333
43.1667
57.0333
65.2667
54.7
66.2667
62.4333
66.4
66.1
67.4333
80.3333
73.9667
73.6333
66.4333
70.3
69.0667
70.4
73.7333
72.9333
60.5
65.3
59.5333
64.6667
59.9667
55.1667
52.3667
50.0333
51.4
43.6333
42.3333
45.3333
36.3667
37.9333
35.7667
36.0667
32.4667
33.9
30.0667
27.9
26.5667
24.7
25.2667
23.8
22.8667
22.8333
21.5
19.9333
18.4667
18.6333
17.3333
16.2333
16.4
14.6333
14.8333
14.4
14.3
13.1
13.1
13.3667
12.4333
11.9667
11.0333
10.5
11.0333
10.0667
9.63333
9.83333
9.2
9.53333
8.46667
8.23333
8.1
8
7.43333
7.3
7.03333
6.83333
6.83333
6.93333
6.9
6.96667
7.83333
6.93333
6.8
7.86667
6.9
16.2667
11.9333
16.6333
10.7667
22.7
18.8
31.3
34
30.3
35.6667
44.1667
58.3333
49.7667
53.2333
57.3667
70.6333
73.2
69.3667
72.3
73.8667
90
69.3
74.6
71.0667
84.4333
67.1333
76
66.5
61.3
61.1333
60.4
62.4
57.3
56.9333
54.5333
57.0333
47.3
43.3667
43.6333
42.6333
40.7667
40.7333
36.3333
35.3667
34.5667
30.8667
29.7333
31.0333
27.1333
24.7667
26.1
23
22.1667
22.4
22.0333
19.3333
19.5
17.3333
16.8333
16.9667
17.3333
15.2667
15.1
14.3333
13.6
14.1333
13.1333
12.4
12.3
11.4333
10.8
10.6
10.8333
10.1333
9.83333
8.93333
9
8.63333
8.7
8.13333
8
7.9
7.3
7.13333
6.83333
6.73333
6.96667
6.93333
6.93333
7
6.9
7.73333
6.96667
6.93333
7.6
7.23333
7.16667
9.86667
13.7333
14
30.5667
17.9
30.5333
35.9333
42.4667
52.2
60.1667
52.2
59.6
65.5667
60.3667
65.7
77
72.8
83
64.5333
72
67.2667
72.9667
73.2
66.9
62.6667
65.1667
61.7667
66.3333
62.2333
57.9333
56.3
52.9333
47.9667
48.1
47.5
42.6
40.8333
40.2667
38.9
36.9667
33.8333
33.1333
32.5333
31
30.3667
29.1
27
26
23.1667
24.9667
22.0333
22.1
20.5667
19.9667
17.8333
18.1333
17.6
17.8333
16.5667
15.6667
14.5667
14.2
13.1333
13.8667
12.5333
11.9667
11.6333
11.1667
11.3667
10.4
10.2
9.7
9.66667
9.33333
9.1
8.93333
8.33333
7.83333
8.1
7.66667
7
6.96667
6.76667
6.43333
6.96667
6.96667
6.93333
6.96667
7
11.4667
8.86667
9.6
12.3667
9.6
7.63333
9.3
14.3
14.5667
22.6
27.1333
31.8667
37.4333
35.4667
43.9
51.6667
54.2667
70.8333
53.2
66.6
65.4333
85.2667
66.2
75.7333
70.9667
78.5667
76.7333
78.6
76.9667
75.3333
69.2
64.1333
64.9333
60.6
62.6667
58.6333
52.5333
54.5
50.5333
50.7667
48.1333
44.2667
39.9667
44.0333
42.7
37.3333
39.1667
35.6667
33.1
30.8333
28.7333
29.1333
26.4333
25.4667
26.9667
24.8
23.0333
22.1333
19.6333
19.9
18.3333
17.7667
17.5667
15.6333
16.6
15.8
13.7
14.4333
13.5667
14.1
13.2333
12.6333
12.3
11.4
11.6333
10.7333
9.96667
9.73333
9.6
8.86667
9.13333
8.83333
8.5
8.23333
7.46667
7.76667
7.33333
7.23333
6.7
6.7
7
6.96667
6.96667
6.96667
6.93333
8
6.93333
6.83333
7.03333
9.76667
8.13333
10.9667
10.9667
11.6
11.4
21.9333
27.8333
33.8
43.7333
38.6
46.7333
48.1333
56.5333
71.2667
71.2667
65.7
64.2333
71.8333
65.8667
71.8
71.4667
77.1333
65.8333
70.2667
73.3667
61.0667
71.7667
63.1667
59.0667
57.4667
49.9667
59.6333
61.3667
46.1333
49.5333
47.4
50.2
43.8667
44.9667
37.8
33.3
36.9333
34.6667
32.5
33.3
28.3667
29.9667
26.8333
26.9333
22.9
24.1
21.3667
22.0333
19.8667
19.5333
18.6667
17.7
17.4333
16.5333
15.1667
15.2
14.0667
14.5333
13.6333
13.2333
12.6333
12.0667
11.9333
11.6667
10.7667
10.2667
9.5
9.63333
9.26667
9.33333
8.86667
8.13333
8.8
8.1
7.8
7.53333
7.16667
6.93333
6.56667
6.5
6.96667
7
6.96667
6.96667
7
6.9
6.9
6.96667
9.2
9.03333
9.46667
14.1333
10.5667
17.5333
13.1667
18.0333
32.3667
34.3
43.8667
42.2333
55.5333
55.2
57.4333
59.8
66.8
61.2667
73.8333
77.7
62.8
77.8
74.8667
71.5
75.8333
70.5667
62.7333
62.9
67.1333
65.7
61.0333
60.0667
60.3
54.4667
54.6
51.8333
50.4333
46.2667
44.4667
41.4
43.0667
40
36.3333
34.3333
29.6
32.3333
30.6
29.6667
27.3333
28
25.7333
26.3667
24.7
21.4333
20.4333
21.2333
18.8333
20.1333
19.1667
17.2667
17.2
15.4333
15.8
14.4333
12.5333
13.7
12.8667
12.2
12.4
11.3667
11.2333
11.1667
10.8667
9.86667
10.0333
9.66667
8.86667
9.06667
8.56667
7.93333
7.7
7.56667
7.4
7.5
7.16667
6.63333
6.26667
